100 0 119.941 100 0 119.941 100.756 0.570843 120.511 99.2445 -0.570843 119.37 99.1146 1.61306 119.157 100.885 -1.61306 120.724 100.489 0.344947 119.139 99.5115 -0.344947 120.742 
100 0 119.88 100 0 119.88 99.9969 -0.582021 119.298 100.003 0.582021 120.462 98.0067 -0.129752 119.78 101.993 0.129752 119.981 99.9595 0.578624 119.066 100.041 -0.578624 120.695 
100 0 119.819 100 0 119.819 100.553 0.581023 120.4 99.4468 -0.581023 119.238 98.4106 1.16597 119.481 101.589 -1.16597 120.157 100.822 0.303958 119.337 99.1782 -0.303958 120.301 
100 0 119.757 100 0 119.757 100.76 -0.134152 119.622 99.24 0.134152 119.891 100.189 1.98174 119.949 99.8114 -1.98174 119.564 99.3236 -0.45891 119.181 100.676 0.45891 120.333 
100 0 119.693 100 0 119.693 99.6639 0.729385 120.423 100.336 -0.729385 118.964 101.577 1.12764 120.184 98.4228 -1.12764 119.202 100.007 0.893899 119.245 99.993 -0.893899 120.141 
100 0 119.629 100 0 119.629 100.463 0.584885 120.214 99.5371 -0.584885 119.044 98.2913 0.989151 119.948 101.709 -0.989151 119.31 99.8488 -0.716409 118.948 100.151 0.716409 120.31 
100 0 119.564 100 0 119.564 99.3774 0.654654 120.218 100.623 -0.654654 118.909 101.555 0.907159 118.692 98.4455 -0.907159 120.436 99.5894 0.746612 119.04 100.411 -0.746612 120.087 
100 0 119.497 100 0 119.497 100.597 -0.232166 119.265 99.4032 0.232166 119.73 100.445 1.93518 119.258 99.5553 -1.93518 119.737 100.603 -0.203335 118.726 99.3969 0.203335 120.269 
100 0 119.43 100 0 119.43 100.146 -0.727792 118.702 99.8536 0.727792 120.158 98.2022 -0.761164 119.864 101.798 0.761164 118.996 100.319 -0.6396 118.731 99.6811 0.6396 120.13 
100 0 119.362 100 0 119.362 99.0703 -0.311356 119.051 100.93 0.311356 119.673 100.228 -1.50369 120.661 99.7715 1.50369 118.063 100.868 0.496397 119.383 99.1322 -0.496397 119.341 
100 0 119.293 100 0 119.293 100.853 0.0754786 119.368 99.1473 -0.0754786 119.217 99.4716 -1.58253 118.19 100.528 1.58253 120.396 100.811 -0.0273321 118.709 99.1885 0.0273321 119.877 
100 0 119.223 100 0 119.223 99.347 -0.279114 118.944 100.653 0.279114 119.502 101.272 -1.41405 118.604 98.7283 1.41405 119.842 99.3826 -0.317254 118.503 100.617 0.317254 119.943 
100 0 119.152 100 0 119.152 99.2907 0.232778 119.384 100.709 -0.232778 118.919 100.009 1.8907 119.804 99.9912 -1.8907 118.5 99.3084 0.0110915 118.429 100.692 -0.0110915 119.874 
100 0 119.079 100 0 119.079 100.621 -0.330901 118.749 99.3791 0.330901 119.41 100.513 1.88476 119.508 99.4865 -1.88476 118.65 99.4357 0.495875 118.419 100.564 -0.495875 119.74 
100 0 119.006 100 0 119.006 100.483 0.715294 119.722 99.5167 -0.715294 118.291 101.616 -0.284631 120.15 98.3841 0.284631 117.863 100.898 0.43932 119.01 99.1017 -0.43932 119.003 
100 0 118.932 100 0 118.932 100.854 -0.276856 118.655 99.1455 0.276856 119.209 100.569 1.91472 119.032 99.4309 -1.91472 118.833 100.734 -0.543943 119.338 99.2656 0.543943 118.526 
100 0 118.857 100 0 118.857 100.643 -0.594684 118.263 99.3567 0.594684 119.452 101.308 1.50846 118.742 98.6918 -1.50846 118.972 99.8983 0.929026 119.213 100.102 -0.929026 118.501 
100 0 118.781 100 0 118.781 99.116 -0.384501 118.397 100.884 0.384501 119.166 99.8537 1.35116 117.314 100.146 -1.35116 120.248 99.2106 -0.612916 118.815 100.789 0.612916 118.748 
100 0 118.704 100 0 118.704 100.899 0.0723728 118.777 99.1013 -0.0723728 118.632 100.378 1.6518 119.766 99.6216 -1.6518 117.642 99.151 0.0795747 119.226 100.849 -0.0795747 118.182 
100 0 118.626 100 0 118.626 99.2663 -0.182545 118.444 100.734 0.182545 118.809 99.049 1.65202 119.231 100.951 -1.65202 118.021 100.719 0.206865 119.289 99.2806 -0.206865 117.963 
100 0 118.547 100 0 118.547 99.3026 0.214693 118.762 100.697 -0.214693 118.332 99.7061 -1.95328 118.234 100.294 1.95328 118.861 100.705 0.141286 119.242 99.2953 -0.141286 117.852 
100 0 118.467 100 0 118.467 100.479 -0.586225 117.881 99.5212 0.586225 119.053 98.7625 -1.50684 118.022 101.238 1.50684 118.912 100.273 -0.783663 119.025 99.7267 0.783663 117.909 
100 0 118.386 100 0 118.386 99.1458 -0.262551 118.124 100.854 0.262551 118.649 100.589 -1.9114 118.384 99.4113 1.9114 118.388 99.9087 0.99039 118.49 100.091 -0.99039 118.282 
100 0 118.304 100 0 118.304 99.6923 0.744152 119.048 100.308 -0.744152 117.56 99.4686 -1.33114 119.699 100.531 1.33114 116.909 100.277 0.633595 117.582 99.7233 -0.633595 119.027 
100 0 118.221 100 0 118.221 99.2389 0.270272 118.492 100.761 -0.270272 117.951 100.341 1.9209 118.662 99.659 -1.9209 117.781 100.024 -0.99748 118.155 99.9762 0.99748 118.288 
100 0 118.138 100 0 118.138 100.97 0.0161251 118.154 99.0299 -0.0161251 118.121 100.34 1.33322 116.686 99.6597 -1.33322 119.589 100.58 0.607017 117.594 99.4201 -0.607017 118.681 
100 0 118.053 100 0 118.053 99.2069 0.0927312 118.145 100.793 -0.0927312 117.96 99.2026 1.33609 119.309 100.797 -1.33609 116.796 100.646 0.102332 118.809 99.3541 -0.102332 117.296 
100 0 117.967 100 0 117.967 100.69 -0.18469 117.782 99.3097 0.18469 118.152 99.5419 1.72266 118.874 100.458 -1.72266 117.06 100.712 -0.281008 118.61 99.2882 0.281008 117.323 
100 0 117.88 100 0 117.88 99.6771 0.656716 118.537 100.323 -0.656716 117.223 100.892 1.48147 118.885 99.1083 -1.48147 116.875 100.12 -0.89662 118.306 99.8804 0.89662 117.454 
100 0 117.792 100 0 117.792 100.81 0.25856 118.051 99.1904 -0.25856 117.534 99.712 1.91563 117.295 100.288 -1.91563 118.29 99.2368 0.287328 117.213 100.763 -0.287328 118.371 
100 0 117.703 100 0 117.703 99.3999 -0.661888 117.042 100.6 0.661888 118.365 98.4464 1.23243 117.444 101.554 -1.23243 117.963 100.608 0.655205 117.256 99.3916 -0.655205 118.151 
100 0 117.614 100 0 117.614 99.5641 0.544613 118.158 100.436 -0.544613 117.069 98.3106 -1.04467 117.847 101.689 1.04467 117.38 99.0512 -0.170533 117.348 100.949 0.170533 117.879 
100 0 117.523 100 0 117.523 100.578 -0.0942059 117.429 99.4218 0.0942059 117.617 99.8102 -1.98867 117.427 100.19 1.98867 117.619 99.4151 -0.00963927 116.712 100.585 0.00963927 118.334 
100 0 117.431 100 0 117.431 100.845 0.0502233 117.481 99.1548 -0.0502233 117.381 100.574 1.59441 116.369 99.426 -1.59441 118.493 99.2443 -0.650368 117.508 100.756 0.650368 117.355 
100 0 117.338 100 0 117.338 100.826 -0.395036 116.943 99.1738 0.395036 117.734 98.8787 -1.01436 116.029 101.121 1.01436 118.648 100.915 0.217778 117.678 99.0849 -0.217778 116.999 
100 0 117.245 100 0 117.245 100.269 0.650222 117.895 99.7308 -0.650222 116.595 98.2064 0.876442 117.367 101.794 -0.876442 117.122 100.293 0.638169 116.533 99.7069 -0.638169 117.957 
100 0 117.15 100 0 117.15 99.7133 0.840191 117.99 100.287 -0.840191 116.31 98.2173 -0.820141 117.537 101.783 0.820141 116.764 99.9815 -0.927851 116.778 100.018 0.927851 117.523 
100 0 117.054 100 0 117.054 100.395 0.730079 117.785 99.605 -0.730079 116.324 98.1879 0.418805 117.79 101.812 -0.418805 116.319 99.3772 -0.647541 116.615 100.623 0.647541 117.494 
100 0 116.958 100 0 116.958 100.16 -0.274301 116.684 99.8402 0.274301 117.232 101.914 -0.383275 117.391 98.0855 0.383275 116.524 100.107 -0.263454 115.999 99.8925 0.263454 117.917 
100 0 116.86 100 0 116.86 100.397 -0.553164 116.307 99.6033 0.553164 117.413 101.827 0.322045 116.114 98.1727 -0.322045 117.607 99.5948 0.551619 116.131 100.405 -0.551619 117.589 
100 0 116.762 100 0 116.762 100.282 -0.938198 115.823 99.7184 0.938198 117.7 101.135 0.663894 115.255 98.8648 -0.663894 118.269 99.6322 -0.735104 117.331 100.368 0.735104 116.192 
100 0 116.662 100 0 116.662 99.9148 0.70865 117.371 100.085 -0.70865 115.953 101.313 1.13758 115.671 98.6873 -1.13758 117.653 99.911 0.705335 117.365 100.089 -0.705335 115.959 
100 0 116.562 100 0 116.562 99.1075 0.0201717 116.582 100.892 -0.0201717 116.541 99.4466 -1.62701 117.585 100.553 1.62701 115.539 99.5536 -0.793744 116.975 100.446 0.793744 116.148 
100 0 116.46 100 0 116.46 99.7422 -0.499135 115.961 100.258 0.499135 116.959 98.1871 0.842746 116.516 101.813 -0.842746 116.404 99.4622 -0.335477 115.687 100.538 0.335477 117.233 
100 0 116.358 100 0 116.358 99.3934 0.315228 116.673 100.607 -0.315228 116.042 100.325 -1.6988 115.353 99.6748 1.6988 117.362 99.4292 0.168505 115.554 100.571 -0.168505 117.161 
100 0 116.254 100 0 116.254 100.571 -0.164591 116.089 99.4285 0.164591 116.419 99.9654 -1.96376 115.877 100.035 1.96376 116.631 99.4346 0.280374 115.478 100.565 -0.280374 117.03 
100 0 116.15 100 0 116.15 100.827 0.228356 116.378 99.1733 -0.228356 115.921 100.288 1.59466 114.977 99.7115 -1.59466 117.322 99.4661 -0.806023 116.405 100.534 0.806023 115.894 
100 0 116.044 100 0 116.044 100.341 -0.474685 115.569 99.6594 0.474685 116.519 98.1196 -0.343057 115.456 101.88 0.343057 116.633 100.478 -0.443462 115.286 99.5216 0.443462 116.802 
100 0 115.938 100 0 115.938 99.1757 0.082704 116.02 100.824 -0.082704 115.855 100.076 -1.95799 115.537 99.9243 1.95799 116.338 99.1917 -0.0715032 115.353 100.808 0.0715032 116.522 
100 0 115.83 100 0 115.83 99.9895 -0.867531 114.963 100.01 0.867531 116.698 98.3108 -0.517089 114.893 101.689 0.517089 116.768 100.473 0.866842 115.673 99.527 -0.866842 115.988 
100 0 115.722 100 0 115.722 99.3154 -0.449758 115.272 100.685 0.449758 116.172 101.253 -1.53035 115.426 98.7468 1.53035 116.018 100.175 -0.887392 115.296 99.8248 0.887392 116.148 
100 0 115.613 100 0 115.613 100.158 -0.501724 115.111 99.8417 0.501724 116.114 101.822 -0.516736 114.969 98.1783 0.516736 116.256 100.364 0.279908 114.724 99.6363 -0.279908 116.501 
100 0 115.502 100 0 115.502 99.2566 0.415346 115.918 100.743 -0.415346 115.087 100.856 1.7955 115.293 99.1441 -1.7955 115.711 100.801 -0.268909 114.968 99.1985 0.268909 116.036 
100 0 115.391 100 0 115.391 99.232 -0.307994 115.083 100.768 0.307994 115.699 100.525 -1.90223 115.716 99.4746 1.90223 115.066 99.2148 0.268857 114.833 100.785 -0.268857 115.949 
100 0 115.279 100 0 115.279 100.456 0.781222 116.06 99.5436 -0.781222 114.497 101.744 -0.975027 115.359 98.2556 0.975027 115.198 100.46 0.778944 114.853 99.5396 -0.778944 115.704 
100 0 115.165 100 0 115.165 100.695 0.0273566 115.193 99.3051 -0.0273566 115.138 100.036 1.99664 115.055 99.9645 -1.99664 115.276 99.3488 -0.39826 114.519 100.651 0.39826 115.811 
100 0 115.051 100 0 115.051 100.952 -0.00985765 115.041 99.0476 0.00985765 115.061 99.5626 -1.43691 116.372 100.437 1.43691 113.73 99.4382 -0.661657 115.548 100.562 0.661657 114.554 
100 0 114.936 100 0 114.936 100.311 -0.376055 114.56 99.6889 0.376055 115.312 101.703 -0.595119 115.799 98.297 0.595119 114.072 100.393 -0.403408 114.11 99.6069 0.403408 115.762 
100 0 114.82 100 0 114.82 100.374 -0.815523 114.004 99.6256 0.815523 115.635 101.723 0.260264 113.839 98.2767 -0.260264 115.801 99.5264 0.794419 114.439 100.474 -0.794419 115.2 
100 0 114.702 100 0 114.702 100.345 -0.634631 114.068 99.6552 0.634631 115.337 101.426 1.31233 114.209 98.5736 -1.31233 115.195 100.35 -0.6298 114.009 99.65 0.6298 115.396 
100 0 114.584 100 0 114.584 100.835 0.331184 114.915 99.1653 -0.331184 114.253 100.127 1.47095 113.235 99.8726 -1.47095 115.933 99.2137 -0.11961 113.978 100.786 0.11961 115.19 
100 0 114.465 100 0 114.465 100.802 0.407816 114.873 99.1977 -0.407816 114.057 99.6519 1.7167 115.43 100.348 -1.7167 113.5 100.801 0.413224 114.032 99.1988 -0.413224 114.898 
100 0 114.345 100 0 114.345 99.5565 -0.44492 113.9 100.444 0.44492 114.79 98.3604 1.10438 114.648 101.64 -1.10438 114.042 99.6553 -0.50639 113.554 100.345 0.50639 115.135 
100 0 114.224 100 0 114.224 99.2452 0.362849 114.587 100.755 -0.362849 113.861 99.7745 -1.78489 113.35 100.225 1.78489 115.097 99.2369 0.242903 113.625 100.763 -0.242903 114.823 
100 0 114.102 100 0 114.102 100.619 -0.144503 113.957 99.381 0.144503 114.246 99.9275 -1.97428 113.79 100.073 1.97428 114.413 100.619 -0.147658 114.873 99.3811 0.147658 113.33 
100 0 113.979 100 0 113.979 100.756 0.64321 114.622 99.2439 -0.64321 113.335 99.2805 1.12492 112.49 100.72 -1.12492 115.467 99.6499 0.570593 113.236 100.35 -0.570593 114.721 
100 0 113.855 100 0 113.855 99.362 0.286451 114.141 100.638 -0.286451 113.568 99.1195 -1.79451 113.788 100.88 1.79451 113.921 99.4784 -0.850932 113.917 100.522 0.850932 113.792 
100 0 113.729 100 0 113.729 100.304 0.784807 114.514 99.6959 -0.784807 112.945 98.3793 -0.169935 112.57 101.621 0.169935 114.889 99.4434 -0.769771 114.042 100.557 0.769771 113.417 
100 0 113.603 100 0 113.603 100.796 -0.116088 113.487 99.2042 0.116088 113.72 99.3513 -1.82099 114.116 100.649 1.82099 113.09 99.252 0.231261 112.981 100.748 -0.231261 114.226 
100 0 113.476 100 0 113.476 99.5223 -0.484724 112.992 100.478 0.484724 113.961 101.483 -1.33997 113.557 98.5174 1.33997 113.396 100.404 0.546979 112.743 99.5958 -0.546979 114.21 
100 0 113.348 100 0 113.348 100.77 -0.105896 113.243 99.2304 0.105896 113.454 100.069 -1.95556 113.762 99.9307 1.95556 112.935 100.72 -0.484992 112.852 99.2798 0.484992 113.845 
100 0 113.219 100 0 113.219 100.402 -0.760912 112.459 99.5985 0.760912 113.98 101.804 0.465219 113.946 98.1958 -0.465219 112.493 100.872 -0.455852 113.042 99.1278 0.455852 113.397 
100 0 113.09 100 0 113.09 99.186 0.306504 113.396 100.814 -0.306504 112.783 100.52 1.90372 113.415 99.4803 -1.90372 112.764 99.1845 0.300809 112.595 100.816 -0.300809 113.584 
100 0 112.959 100 0 112.959 99.8399 -0.710017 112.249 100.16 0.710017 113.669 101.926 0.0805833 113.492 98.0741 -0.0805833 112.425 100.525 0.668925 112.432 99.4749 -0.668925 113.485 
100 0 112.827 100 0 112.827 99.1867 -0.17655 112.65 100.813 0.17655 113.003 100.657 -1.85142 112.452 99.3428 1.85142 113.201 99.5106 -0.665356 112.263 100.489 0.665356 113.39 
100 0 112.694 100 0 112.694 100.293 -0.834377 111.859 99.7067 0.834377 113.528 98.3165 -0.913662 112.118 101.683 0.913662 113.269 100.036 0.943736 112.365 99.9645 -0.943736 113.023 
100 0 112.56 100 0 112.56 99.5425 -0.577413 111.983 100.458 0.577413 113.137 101.672 -1.07768 112.349 98.3284 1.07768 112.771 99.7811 -0.699872 111.88 100.219 0.699872 113.24 
100 0 112.425 100 0 112.425 100.444 -0.783657 111.641 99.5557 0.783657 113.209 98.2084 -0.765761 112.877 101.792 0.765761 111.974 99.8979 0.868146 111.939 100.102 -0.868146 112.911 
100 0 112.289 100 0 112.289 100.463 -0.40514 111.884 99.5374 0.40514 112.694 101.321 1.50128 112.293 98.6786 -1.50128 112.285 100.542 -0.307314 111.507 99.4578 0.307314 113.071 
100 0 112.153 100 0 112.153 99.4934 -0.642321 111.51 100.507 0.642321 112.795 98.2758 0.73935 112.846 101.724 -0.73935 111.459 99.6056 -0.683652 111.538 100.394 0.683652 112.767 
100 0 112.015 100 0 112.015 99.1129 0.396834 112.412 100.887 -0.396834 111.618 99.1534 -0.992254 113.531 100.847 0.992254 110.499 100.98 -0.189217 111.959 99.0197 0.189217 112.071 
100 0 111.876 100 0 111.876 100.441 0.45336 112.329 99.5591 -0.45336 111.423 98.9112 1.64252 112.218 101.089 -1.64252 111.534 99.7562 -0.692006 112.555 100.244 0.692006 111.197 
100 0 111.736 100 0 111.736 99.982 0.938012 112.674 100.018 -0.938012 110.798 101.637 0.425218 110.669 98.3627 -0.425218 112.803 100.784 0.454683 111.314 99.2156 -0.454683 112.158 
100 0 111.595 100 0 111.595 100.736 0.595061 112.191 99.2645 -0.595061 111 98.676 1.05919 112.656 101.324 -1.05919 110.535 99.2908 -0.615262 111.251 100.709 0.615262 111.94 
100 0 111.454 100 0 111.454 99.4412 -0.313984 111.14 100.559 0.313984 111.768 101.482 -1.20845 110.869 98.5176 1.20845 112.039 99.3628 -0.245313 110.723 100.637 0.245313 112.184 
100 0 111.311 100 0 111.311 99.3683 0.185372 111.496 100.632 -0.185372 111.126 99.7118 1.85198 112.009 100.288 -1.85198 110.613 99.4145 -0.0195379 110.501 100.585 0.0195379 112.122 
100 0 111.167 100 0 111.167 100.597 -0.332622 110.835 99.4028 0.332622 111.5 100.453 1.88572 111.656 99.547 -1.88572 110.679 99.46 0.514061 110.501 100.54 -0.514061 111.834 
100 0 111.023 100 0 111.023 100.416 0.744665 111.767 99.5839 -0.744665 110.278 101.626 -0.094652 112.184 98.3744 0.094652 109.862 100.845 0.534632 111.004 99.1551 -0.534632 111.041 
100 0 110.877 100 0 110.877 100.892 -0.134665 110.743 99.1082 0.134665 111.012 100.252 1.98167 110.975 99.7483 -1.98167 110.779 100.811 -0.430235 111.274 99.1889 0.430235 110.481 
100 0 110.731 100 0 110.731 100.619 -0.463386 110.267 99.3814 0.463386 111.194 99.0179 -1.71688 111.027 100.982 1.71688 110.434 100.022 0.964573 110.993 99.978 -0.964573 110.468 
100 0 110.583 100 0 110.583 100.524 -0.354798 110.228 99.4759 0.354798 110.938 101.348 1.45758 110.339 98.6525 -1.45758 110.827 99.5511 -0.806717 110.967 100.449 0.806717 110.199 
100 0 110.434 100 0 110.434 100.653 -0.713608 109.721 99.3468 0.713608 111.148 98.8014 -0.565848 108.937 101.199 0.565848 111.932 99.1611 0.0931762 109.898 100.839 -0.0931762 110.971 
100 0 110.285 100 0 110.285 99.2706 0.416239 110.701 100.729 -0.416239 109.869 100.279 -1.37287 108.857 99.7211 1.37287 111.712 100.738 -0.465275 110.774 99.2623 0.465275 109.796 
100 0 110.134 100 0 110.134 100.499 -0.320779 109.814 99.5005 0.320779 110.455 99.8656 -1.88094 109.468 100.134 1.88094 110.801 100.486 -0.443506 110.887 99.514 0.443506 109.381 
100 0 109.983 100 0 109.983 99.9949 0.759775 110.743 100.005 -0.759775 109.223 98.5399 -0.89427 108.949 101.46 0.89427 111.016 99.6241 -0.881469 110.269 100.376 0.881469 109.697 
100 0 109.83 100 0 109.83 100.854 0.335846 110.166 99.1461 -0.335846 109.495 100.781 -1.83707 109.705 99.2192 1.83707 109.955 99.0932 0.326362 109.564 100.907 -0.326362 110.097 
100 0 109.677 100 0 109.677 100.475 0.0644933 109.741 99.5253 -0.0644933 109.612 99.9733 1.99545 109.809 100.027 -1.99545 109.545 99.9188 -0.990717 109.786 100.081 0.990717 109.568 
100 0 109.522 100 0 109.522 100.982 0.137259 109.66 99.018 -0.137259 109.385 99.711 1.97666 109.619 100.289 -1.97666 109.426 99.6516 0.913707 109.732 100.348 -0.913707 109.313 
100 0 109.367 100 0 109.367 100.74 -0.543852 108.823 99.2599 0.543852 109.911 99.9983 1.1751 107.749 100.002 -1.1751 110.985 100.342 0.266574 108.466 99.6576 -0.266574 110.268 
100 0 109.211 100 0 109.211 100.277 -0.929971 108.281 99.7225 0.929971 110.141 98.6297 -0.0312436 107.754 101.37 0.0312436 110.667 99.632 0.919235 109.351 100.368 -0.919235 109.071 
100 0 109.053 100 0 109.053 99.3905 0.177481 109.231 100.609 -0.177481 108.876 100.13 -1.92021 108.509 99.8696 1.92021 109.597 100.61 -0.185302 109.824 99.39 0.185302 108.283 
100 0 108.895 100 0 108.895 100.063 -0.841658 108.053 99.9371 0.841658 109.737 98.6031 -0.842021 107.737 101.397 0.842021 110.052 99.6196 -0.922444 108.961 100.38 0.922444 108.829 
100 0 108.736 100 0 108.736 99.2883 -0.531556 108.204 100.712 0.531556 109.267 101.271 -1.53156 108.539 98.729 1.53156 108.932 99.0996 -0.198909 108.349 100.9 0.198909 109.122 
100 0 108.575 100 0 108.575 99.6534 0.901519 109.477 100.347 -0.901519 107.674 101.279 0.0498247 107.038 98.7213 -0.0498247 110.112 100.589 -0.802555 108.477 99.4115 0.802555 108.673 
100 0 108.414 100 0 108.414 100.487 -0.633792 107.78 99.5127 0.633792 109.048 98.6849 -1.43792 108.864 101.315 1.43792 107.964 99.1876 -0.311994 108.906 100.812 0.311994 107.921 
100 0 108.252 100 0 108.252 99.7232 -0.944208 107.307 100.277 0.944208 109.196 100.946 0.0558428 110.013 99.0544 -0.0558428 106.49 100.202 -0.560129 109.055 99.7984 0.560129 107.448 
100 0 108.088 100 0 108.088 99.6893 0.522662 108.611 100.311 -0.522662 107.566 100.897 1.63408 108.813 99.1031 -1.63408 107.364 99.6933 0.529959 107.298 100.307 -0.529959 108.879 
100 0 107.924 100 0 107.924 100.484 -0.374606 107.55 99.5164 0.374606 108.299 101.203 1.5976 107.945 98.797 -1.5976 107.903 99.6033 0.4804 107.142 100.397 -0.4804 108.706 
100 0 107.759 100 0 107.759 100.916 -0.388381 107.371 99.084 0.388381 108.147 99.3126 -1.26138 109.15 100.687 1.26138 106.367 99.6221 -0.615662 108.45 100.378 0.615662 107.067 
100 0 107.593 100 0 107.593 100.661 0.000805327 107.594 99.339 -0.000805327 107.592 99.3008 1.7704 108.207 100.699 -1.7704 106.979 99.67 0.88484 107.922 100.33 -0.88484 107.264 
100 0 107.426 100 0 107.426 99.3804 0.284691 107.71 100.62 -0.284691 107.141 101.484 1.03355 108.28 98.5163 -1.03355 106.571 100.663 -0.249046 106.72 99.3369 0.249046 108.131 
100 0 107.257 100 0 107.257 100.763 0.087593 107.345 99.2366 -0.087593 107.17 99.2888 1.76814 107.864 100.711 -1.76814 106.651 99.2763 -0.176212 106.59 100.724 0.176212 107.925 
100 0 107.088 100 0 107.088 100.622 0.545449 107.634 99.3775 -0.545449 106.543 100.722 -1.67279 107.913 99.278 1.67279 106.263 100.035 -0.993444 107.197 99.965 0.993444 106.979 
100 0 106.918 100 0 106.918 100.612 0.742019 107.66 99.3884 -0.742019 106.176 100.791 -1.1747 105.506 99.2085 1.1747 108.33 99.8004 0.778626 107.513 100.2 -0.778626 106.323 
100 0 106.747 100 0 106.747 99.1452 -0.265601 106.481 100.855 0.265601 107.013 100.924 -1.56119 105.905 99.0759 1.56119 107.589 100.883 0.213564 107.164 99.1166 -0.213564 106.33 
100 0 106.575 100 0 106.575 100.081 -0.826408 105.748 99.919 0.826408 107.401 98.0455 0.0880216 106.99 101.955 -0.0880216 106.16 99.5723 -0.688916 107.16 100.428 0.688916 105.99 
100 0 106.402 100 0 106.402 99.7932 0.582628 106.984 100.207 -0.582628 105.819 98.161 -0.780443 106.497 101.839 0.780443 106.307 99.834 0.599292 107.185 100.166 -0.599292 105.619 
100 0 106.228 100 0 106.228 100.89 0.217202 106.445 99.1097 -0.217202 106.011 100.782 -1.62989 105.373 99.2177 1.62989 107.083 100.859 0.277345 106.659 99.1414 -0.277345 105.797 
100 0 106.053 100 0 106.053 99.7768 0.838546 106.891 100.223 -0.838546 105.214 98.0585 -0.289879 106.435 101.942 0.289879 105.67 99.8117 -0.825574 106.585 100.188 0.825574 105.521 
100 0 105.877 100 0 105.877 99.667 0.497907 106.375 100.333 -0.497907 105.379 101.664 1.10947 105.879 98.3359 -1.10947 105.875 99.6048 0.454328 106.675 100.395 -0.454328 105.078 
100 0 105.7 100 0 105.7 100.749 0.43022 106.13 99.251 -0.43022 105.27 98.7029 1.26341 106.549 101.297 -1.26341 104.85 100.682 0.490237 106.243 99.3184 -0.490237 105.157 
100 0 105.522 100 0 105.522 99.5813 0.703062 106.225 100.419 -0.703062 104.819 98.3684 -0.0263803 106.678 101.632 0.0263803 104.365 100.001 -0.63188 106.297 99.9989 0.63188 104.747 
100 0 105.343 100 0 105.343 100.599 -0.215427 105.127 99.4006 0.215427 105.558 99.6289 -1.94853 105.599 100.371 1.94853 105.087 99.3968 0.194697 106.116 100.603 -0.194697 104.569 
100 0 105.163 100 0 105.163 100.201 -0.703298 104.46 99.7987 0.703298 105.866 101.748 0.886063 104.765 98.2517 -0.886063 105.561 99.6234 0.597274 105.871 100.377 -0.597274 104.455 
100 0 104.982 100 0 104.982 99.1046 -0.438583 104.543 100.895 0.438583 105.421 99.5838 1.13039 103.385 100.416 -1.13039 106.579 99.2702 -0.632696 105.241 100.73 0.632696 104.723 
100 0 104.8 100 0 104.8 100.839 0.27451 105.075 99.1606 -0.27451 104.526 98.9988 1.45295 103.859 101.001 -1.45295 105.742 99.1415 -0.245646 105.25 100.859 0.245646 104.35 
100 0 104.617 100 0 104.617 99.3573 -0.0178289 104.599 100.643 0.0178289 104.635 99.3534 1.82531 104.117 100.647 -1.82531 105.117 100.579 0.172052 103.82 99.4213 -0.172052 105.414 
100 0 104.433 100 0 104.433 100.168 -0.94118 103.492 99.8318 0.94118 105.375 101.303 0.65847 103.067 98.6966 -0.65847 105.8 99.5819 -0.830497 104.801 100.418 0.830497 104.065 
100 0 104.249 100 0 104.249 99.9888 0.680409 104.929 100.011 -0.680409 103.568 101.528 0.956967 103.383 98.4718 -0.956967 105.114 99.978 0.673593 104.987 100.022 -0.673593 103.51 
100 0 104.063 100 0 104.063 100.719 0.631933 104.695 99.2808 -0.631933 103.431 101.245 -0.80266 105.407 98.755 0.80266 102.719 99.613 -0.742529 104.61 100.387 0.742529 103.516 
100 0 103.876 100 0 103.876 100.11 -0.604049 103.272 99.8903 0.604049 104.48 101.858 0.69035 104.146 98.1425 -0.69035 103.606 99.9025 0.608543 103.089 100.097 -0.608543 104.664 
100 0 103.688 100 0 103.688 100.074 0.771875 104.46 99.9256 -0.771875 102.916 101.988 -0.0156489 103.903 98.0117 0.0156489 103.473 100.344 0.740265 103.11 99.6564 -0.740265 104.266 
100 0 103.5 100 0 103.5 100.399 0.581036 104.081 99.6013 -0.581036 102.919 101.725 -1.00096 103.35 98.275 1.00096 103.649 99.7736 -0.666028 102.789 100.226 0.666028 104.21 
100 0 103.31 100 0 103.31 100.979 0.0923085 103.402 99.0214 -0.0923085 103.218 99.9288 1.9122 102.728 100.071 -1.9122 103.892 99.321 -0.730758 103.38 100.679 0.730758 103.24 
100 0 103.119 100 0 103.119 100.639 -0.456954 102.662 99.3613 0.456954 103.576 101.537 0.671854 104.209 98.4633 -0.671854 102.03 100.999 -0.0334382 103.143 99.0009 0.0334382 103.095 
100 0 102.927 100 0 102.927 100.753 -0.625224 102.302 99.2469 0.625224 103.553 101.143 0.936113 101.58 98.8566 -0.936113 104.275 99.1023 -0.0315743 103.367 100.898 0.0315743 102.488 
100 0 102.735 100 0 102.735 99.4433 0.66905 103.404 100.557 -0.66905 102.066 98.6903 -1.43633 103.206 101.31 1.43633 102.264 99.4871 0.71445 103.211 100.513 -0.71445 102.259 
100 0 102.541 100 0 102.541 100.624 0.715475 103.257 99.376 -0.715475 101.826 101.498 -0.866701 101.539 98.5016 0.866701 103.543 100.69 0.672462 102.808 99.3096 -0.672462 102.274 
100 0 102.346 100 0 102.346 99.6326 -0.597296 101.749 100.367 0.597296 102.944 98.1973 0.83516 102.576 101.803 -0.83516 102.117 100.741 -0.583515 102.014 99.2589 0.583515 102.678 
100 0 102.151 100 0 102.151 99.6328 -0.335508 101.815 100.367 0.335508 102.486 98.1806 0.647699 101.631 101.819 -0.647699 102.671 100.979 -0.148938 102.014 99.0207 0.148938 102.288 
100 0 101.954 100 0 101.954 99.4633 -0.554819 101.399 100.537 0.554819 102.509 98.6938 1.50037 101.748 101.306 -1.50037 102.161 100.106 0.903657 101.539 99.8938 -0.903657 102.369 
100 0 101.757 100 0 101.757 100.124 0.633955 102.391 99.8761 -0.633955 101.123 98.0407 -0.0885799 101.365 101.959 0.0885799 102.148 99.6302 -0.624283 102.445 100.37 0.624283 101.069 
100 0 101.558 100 0 101.558 99.3463 0.559739 102.118 100.654 -0.559739 100.998 101.511 1.03721 100.758 98.4886 -1.03721 102.358 100.996 -0.0317398 101.638 99.0037 0.0317398 101.479 
100 0 101.359 100 0 101.359 99.6051 0.757052 102.116 100.395 -0.757052 100.602 98.1893 -0.448592 100.637 101.811 0.448592 102.08 100.629 -0.665721 100.958 99.3705 0.665721 101.759 
100 0 101.158 100 0 101.158 100.848 -0.182782 100.975 99.1518 0.182782 101.341 100.012 -1.87035 100.45 99.9879 1.87035 101.866 99.1518 0.192651 100.665 100.848 -0.192651 101.652 
100 0 100.957 100 0 100.957 99.6853 0.65296 101.61 100.315 -0.65296 100.304 98.6801 -1.34434 100.285 101.32 1.34434 101.628 99.8989 0.825203 100.401 100.101 -0.825203 101.512 
100 0 100.754 100 0 100.754 100.851 0.116836 100.871 99.1488 -0.116836 100.637 100.088 -1.97476 101.058 99.9119 1.97476 100.45 99.4312 -0.782603 100.501 100.569 0.782603 101.007 
100 0 100.551 100 0 100.551 100.222 -0.589174 99.9616 99.7782 0.589174 101.14 98.9961 -1.50424 101.405 101.004 1.50424 99.6967 99.6437 -0.933068 100.6 100.356 0.933068 100.501 
100 0 100.346 100 0 100.346 100.513 -0.504294 99.8421 99.4866 0.504294 100.851 101.163 1.59895 100.648 98.837 -1.59895 100.045 100.615 0.76344 100.544 99.385 -0.76344 100.149 
100 0 100.141 100 0 100.141 99.4452 0.493154 100.634 100.555 -0.493154 99.6478 101.662 0.733937 99.3049 98.338 -0.733937 100.977 99.4393 -0.525771 100.781 100.561 0.525771 99.5013 
100 0 99.9346 100 0 99.9346 99.9571 -0.899309 99.0353 100.043 0.899309 100.834 101.862 0.244252 99.2464 98.1381 -0.244252 100.623 100.215 0.906361 100.298 99.7853 -0.906361 99.5707 
100 0 99.7272 100 0 99.7272 99.3493 -0.605146 99.1221 100.651 0.605146 100.332 101.503 -0.85076 98.7181 98.4974 0.85076 100.736 99.3981 -0.630809 99.2375 100.602 0.630809 100.217 
100 0 99.5189 100 0 99.5189 99.9281 0.14606 99.6649 100.072 -0.14606 99.3728 98.1128 0.621054 99.2893 101.887 -0.621054 99.7484 100.037 -0.134559 98.5287 99.9627 0.134559 100.509 
100 0 99.3095 100 0 99.3095 100.155 0.325871 99.6354 99.8453 -0.325871 98.9837 101.517 -1.28762 99.1114 98.4825 1.28762 99.5076 100.239 0.243572 98.3696 99.7609 -0.243572 100.249 
100 0 99.0992 100 0 99.0992 100.612 0.251049 99.3503 99.3885 -0.251049 98.8482 99.6997 1.93583 99.5022 100.3 -1.93583 98.6963 100.454 0.70204 98.5507 99.5459 -0.70204 99.6478 
100 0 98.888 100 0 98.888 100.942 0.275312 99.1633 99.0576 -0.275312 98.6126 100.559 -0.670734 97.0886 99.441 0.670734 100.687 99.7481 -0.000587672 99.8557 100.252 0.000587672 97.9202 
100 0 98.6757 100 0 98.6757 99.6526 -0.429878 98.2458 100.347 0.429878 99.1056 101.843 -0.643721 98.2397 98.1573 0.643721 99.1117 100.331 0.435657 99.5129 99.6694 -0.435657 97.8385 
99.8471 0 98.6153 99.8471 0 98.6153 99.1456 0.0584327 98.6738 100.549 -0.0584327 98.5569 99.0816 1.61958 99.5047 100.613 -1.61958 97.726 100.481 0.0672997 99.3857 99.2131 -0.0672997 97.8449 
99.8461 0 98.4021 99.8461 0 98.4021 100.466 -0.457211 97.9449 99.2265 0.457211 98.8593 100.146 1.73354 99.3534 99.5465 -1.73354 97.4507 100.387 -0.707875 98.8569 99.3057 0.707875 97.9473 
99.6923 0 98.3407 99.6923 0 98.3407 99.1742 0.195588 98.5363 100.21 -0.195588 98.1452 100.378 1.87878 98.3556 99.0067 -1.87878 98.3259 99.5505 0.786833 97.7401 99.8341 -0.786833 98.9414 
99.6903 0 98.1265 99.6903 0 98.1265 100.549 -0.0206012 98.1059 98.8313 0.0206012 98.1471 99.5473 1.96913 97.807 99.8334 -1.96913 98.446 100.545 0.0241304 97.6073 98.836 -0.0241304 98.6458 
99.5355 0 98.0642 99.5355 0 98.0642 100.288 0.608251 98.6724 98.7831 -0.608251 97.4559 100.78 -1.06019 96.912 98.2911 1.06019 99.2164 98.6293 0.174884 98.4493 100.442 -0.174884 97.679 
99.5325 0 97.849 99.5325 0 97.849 100.443 -0.00438499 97.8446 98.6218 0.00438499 97.8534 99.422 1.97932 98.1137 99.6431 -1.97932 97.5842 100.432 0.102449 98.2739 98.6331 -0.102449 97.4241 
99.3767 0 97.7857 99.3767 0 97.7857 99.8271 0.608321 98.394 98.9263 -0.608321 97.1774 101.084 -1.01678 98.0155 97.6699 1.01678 97.5559 98.5301 -0.2266 98.2672 100.223 0.2266 97.3042 
99.3728 0 97.5695 99.3728 0 97.5695 99.8543 0.296505 97.866 98.8913 -0.296505 97.273 100.294 -1.77244 97.6689 98.4516 1.77244 97.4701 99.7549 0.464168 98.3686 98.9907 -0.464168 96.7704 
99.216 0 97.5052 99.216 0 97.5052 99.6756 -0.564825 96.9404 98.7564 0.564825 98.07 100.434 1.52403 97.9441 97.9975 -1.52403 97.0663 99.7789 -0.416549 98.2191 98.6531 0.416549 96.7913 
99.2111 0 97.2881 99.2111 0 97.2881 98.5964 0.228524 97.5166 99.8258 -0.228524 97.0595 99.8651 1.88962 97.3275 98.5571 -1.88962 97.2486 99.8033 -0.289199 98.0402 98.6189 0.289199 96.536 
99.0533 0 97.2228 99.0533 0 97.2228 98.2568 0.36798 97.5908 99.8499 -0.36798 96.8548 97.8532 -1.15578 98.3291 100.253 1.15578 96.1165 100.009 0.247049 97.0619 98.0978 -0.247049 97.3837 
99.0474 0 97.0046 99.0474 0 97.0046 98.808 -0.939531 96.0651 99.2869 0.939531 97.9442 97.236 0.250466 97.8147 100.859 -0.250466 96.1946 98.2101 -0.528034 97.1461 99.8848 0.528034 96.8632 
98.8887 0 96.9384 98.8887 0 96.9384 98.4931 -0.609428 96.329 99.2842 0.609428 97.5478 100.725 -0.483267 96.3101 97.0525 0.483267 97.5667 99.2516 0.617562 97.6362 98.5257 -0.617562 96.2406 
98.8818 0 96.7193 98.8818 0 96.7193 99.586 -0.482241 96.237 98.1776 0.482241 97.2015 100.258 0.563258 95.3813 97.5061 -0.563258 98.0572 99.4026 -0.535319 97.3843 98.3611 0.535319 96.0543 
98.7221 0 96.6521 98.7221 0 96.6521 98.1619 -0.108964 96.5431 99.2822 0.108964 96.761 98.015 1.8559 96.416 99.4291 -1.8559 96.8881 98.1829 -0.161442 97.4786 99.2612 0.161442 95.8255 
98.7142 0 96.432 98.7142 0 96.432 98.087 -0.65119 95.7808 99.3415 0.65119 97.0831 99.3282 -1.42173 95.1663 98.1003 1.42173 97.6976 98.7129 -0.925267 96.0526 98.7156 0.925267 96.8113 
98.5535 0 96.3638 98.5535 0 96.3638 99.4666 -0.0539853 96.3098 97.6404 0.0539853 96.4177 98.678 -1.92222 95.8256 98.429 1.92222 96.9019 97.6476 0.254201 96.025 99.4594 -0.254201 96.7025 
98.5447 0 96.1427 98.5447 0 96.1427 98.9417 0.532658 96.6753 98.1477 -0.532658 95.61 96.8722 1.09113 96.0319 100.217 -1.09113 96.2534 99.3072 0.187718 95.5235 97.7822 -0.187718 96.7618 
98.383 0 96.0735 98.383 0 96.0735 98.4188 0.76403 96.8375 98.3472 -0.76403 95.3095 96.5441 0.555385 95.5169 100.222 -0.555385 96.6301 98.5557 -0.807019 95.5088 98.2103 0.807019 96.6382 
98.3732 0 95.8514 98.3732 0 95.8514 99.0778 -0.574049 95.2774 97.6686 0.574049 96.4255 97.0853 -1.52845 95.9234 99.6611 1.52845 95.7794 97.7276 0.638693 95.4327 99.0188 -0.638693 96.2701 
98.2105 0 95.7813 98.2105 0 95.7813 98.2046 -0.758105 95.0232 98.2165 0.758105 96.5394 96.211 -0.0193072 95.822 100.21 0.0193072 95.7406 98.6524 -0.673737 95.1889 97.7687 0.673737 96.3736 
98.1997 0 95.5582 98.1997 0 95.5582 97.2759 0.100101 95.6583 99.1236 -0.100101 95.4581 97.8559 -1.94175 95.892 98.5436 1.94175 95.2244 97.318 0.262223 95.166 99.0815 -0.262223 95.9504 
98.0361 0 95.4871 98.0361 0 95.4871 98.6324 0.740102 96.2272 97.4397 -0.740102 94.747 98.7276 -1.17254 94.0218 97.3446 1.17254 96.9523 98.1699 0.928931 95.8323 97.9022 -0.928931 95.1419 
98.0243 0 95.263 98.0243 0 95.263 97.5198 -0.716525 94.5465 98.5288 0.716525 95.9796 96.3269 1.02818 95.5113 99.7217 -1.02818 95.0148 98.5805 0.683254 95.7362 97.4682 -0.683254 94.7899 
97.8597 0 95.1909 97.8597 0 95.1909 97.0456 0.467518 95.6584 98.6738 -0.467518 94.7234 97.2919 -1.67574 94.2584 98.4275 1.67574 96.1234 98.648 -0.534055 95.4964 97.0713 0.534055 94.8855 
97.8469 0 94.9659 97.8469 0 94.9659 98.4582 0.0108291 94.9767 97.2357 -0.0108291 94.9551 98.0165 -1.9901 94.8622 97.6774 1.9901 95.0696 97.2323 0.0379165 94.178 98.4616 -0.0379165 95.7538 
97.6813 0 94.8928 97.6813 0 94.8928 98.1703 -0.475678 94.4171 97.1923 0.475678 95.3685 99.1256 1.38193 94.826 96.2371 -1.38193 94.9596 97.0002 0.249434 94.2044 98.3624 -0.249434 95.5812 
97.6676 0 94.6668 97.6676 0 94.6668 97.4884 0.803412 95.4702 97.8468 -0.803412 93.8634 99.5459 0.623237 94.956 95.7893 -0.623237 94.3777 97.8375 0.861719 94.1887 97.4977 -0.861719 95.1449 
97.501 0 94.5927 97.501 0 94.5927 97.7782 0.577151 95.1699 97.2238 -0.577151 94.0156 99.4004 -0.571855 94.337 95.6016 0.571855 94.8484 97.342 -0.60777 93.8147 97.66 0.60777 95.3708 
97.4863 0 94.3658 97.4863 0 94.3658 98.362 -0.28266 94.0831 96.6106 0.28266 94.6484 97.8041 1.86856 95.0041 97.1685 -1.86856 93.7274 96.5981 0.173269 93.9402 98.3745 -0.173269 94.7913 
97.3187 0 94.2907 97.3187 0 94.2907 96.8688 0.494488 94.7852 97.7686 -0.494488 93.7962 98.4213 1.6178 94.6994 96.2161 -1.6178 93.8821 97.0135 0.67338 93.6174 97.6239 -0.67338 94.9641 
97.303 0 94.0628 97.303 0 94.0628 96.5704 -0.608972 93.4538 98.0357 0.608972 94.6717 98.5996 -0.977252 95.2306 96.0065 0.977252 92.8949 98.2611 -0.0263357 94.3482 96.345 0.0263357 93.7774 
97.1345 0 93.9867 97.1345 0 93.9867 96.7607 0.805459 94.7922 97.5082 -0.805459 93.1813 98.8366 0.989898 94.3371 95.4323 -0.989898 93.6364 97.377 -0.870332 94.4154 96.892 0.870332 93.5581 
97.1178 0 93.7578 97.1178 0 93.7578 97.5626 0.549857 94.3077 96.673 -0.549857 93.208 95.5885 1.2883 93.718 98.6471 -1.2883 93.7976 97.248 0.749252 94.4072 96.9877 -0.749252 93.1084 
96.9483 0 93.6808 96.9483 0 93.6808 97.5259 0.789857 94.4706 96.3706 -0.789857 92.8909 98.5215 -0.942418 94.4788 95.3751 0.942418 92.8828 96.0249 0.21335 93.3617 97.8717 -0.21335 93.9999 
96.9306 0 93.4509 96.9306 0 93.4509 97.6131 -0.513395 92.9375 96.2482 0.513395 93.9643 96.2629 -1.70432 92.645 97.5984 1.70432 94.2567 96.7837 0.989123 93.4569 97.0776 -0.989123 93.4448 
96.7601 0 93.3729 96.7601 0 93.3729 96.026 -0.469674 92.9032 97.4942 0.469674 93.8426 98.0251 -1.47153 92.8886 95.4952 1.47153 93.8572 97.7258 -0.053037 93.627 95.7944 0.053037 93.1188 
96.7415 0 93.142 96.7415 0 93.142 96.3317 -0.386931 92.7551 97.1513 0.386931 93.5289 95.5189 1.57723 93.2743 97.9641 -1.57723 93.0097 96.5443 0.850613 92.6546 96.9387 -0.850613 93.6294 
96.57 0 93.063 96.57 0 93.063 97.1478 0.617839 93.6808 95.9922 -0.617839 92.4452 94.9379 0.849561 92.2792 98.2021 -0.849561 93.8469 97.1066 0.641251 92.5145 96.0334 -0.641251 93.6115 
96.5504 0 92.8311 96.5504 0 92.8311 96.6967 -0.580667 92.2505 96.4041 0.580667 93.4118 94.5836 -0.346437 92.9392 98.5172 0.346437 92.723 96.6486 -0.588426 93.6337 96.4522 0.588426 92.0286 
96.3779 0 92.7512 96.3779 0 92.7512 97.2099 -0.2823 92.4689 95.546 0.2823 93.0335 96.1916 -1.83948 93.5138 96.5642 1.83948 91.9885 95.741 0.749163 92.9332 97.0148 -0.749163 92.5692 
96.3573 0 92.5183 96.3573 0 92.5183 96.8944 0.341393 92.8597 95.8203 -0.341393 92.1769 95.6309 1.83784 92.2107 97.0838 -1.83784 92.826 96.993 -0.414929 93.1694 95.7217 0.414929 91.8673 
96.1839 0 92.4374 96.1839 0 92.4374 95.9093 -0.742005 91.6954 96.4584 0.742005 93.1794 94.5327 -0.288358 91.3463 97.8351 0.288358 93.5285 95.9529 -0.733443 93.0767 96.4149 0.733443 91.7981 
96.1623 0 92.2036 96.1623 0 92.2036 95.6312 0.289849 92.4934 96.6935 -0.289849 91.9137 94.8506 -1.47104 92.5432 97.4741 1.47104 91.864 95.6526 0.313406 91.4024 96.6721 -0.313406 93.0048 
95.9879 0 92.1216 95.9879 0 92.1216 95.9472 0.699489 92.8211 96.0285 -0.699489 91.4222 97.8495 -0.466151 91.5586 94.1263 0.466151 92.6847 95.5428 0.730804 91.6042 96.433 -0.730804 92.6391 
95.9653 0 91.8868 95.9653 0 91.8868 96.4651 0.633405 92.5203 95.4655 -0.633405 91.2534 94.7866 1.49701 91.279 97.1441 -1.49701 92.4947 96.1785 -0.974148 91.8119 95.7522 0.974148 91.9617 
95.7899 0 91.8039 95.7899 0 91.8039 96.0497 -0.962416 90.8415 95.5302 0.962416 92.7664 94.7199 -0.423557 93.4397 96.8599 0.423557 90.1682 96.2055 -0.846115 91.4702 95.3744 0.846115 92.1377 
95.7664 0 91.5682 95.7664 0 91.5682 95.2162 0.328147 91.8963 96.3166 -0.328147 91.24 96.6377 1.79459 91.4255 94.8951 -1.79459 91.7108 95.1331 0.120413 92.3326 96.3997 -0.120413 90.8037 
95.59 0 91.4843 95.59 0 91.4843 95.679 0.775373 92.2596 95.501 -0.775373 90.7089 93.6492 -0.148064 91.944 97.5308 0.148064 91.0245 95.4694 0.741621 92.1442 95.7106 -0.741621 90.8244 
95.5655 0 91.2475 95.5655 0 91.2475 96.5181 0.100555 91.3481 94.6129 -0.100555 91.147 96.0508 -1.64059 90.2117 95.0802 1.64059 92.2833 96.5279 0.0644128 91.5115 94.6031 -0.0644128 90.9835 
95.3881 0 91.1626 95.3881 0 91.1626 95.0661 0.742424 91.9051 95.7101 -0.742424 90.4202 93.5422 -0.215897 91.9016 97.234 0.215897 90.4236 95.3688 -0.733577 91.842 95.4074 0.733577 90.4833 
95.3626 0 90.9249 95.3626 0 90.9249 95.8966 -0.339418 90.5855 94.8287 0.339418 91.2643 94.4263 -1.76273 91.0519 96.2989 1.76273 90.7979 94.8204 0.323564 91.7003 95.9049 -0.323564 90.1495 
95.1843 0 90.8391 95.1843 0 90.8391 94.9258 -0.753284 90.0858 95.4428 0.753284 91.5923 97.0645 -0.104193 90.1652 93.3041 0.104193 91.5129 95.3167 0.753585 91.4829 95.0518 -0.753585 90.1952 
95.1578 0 90.6003 95.1578 0 90.6003 94.2374 -0.0664516 90.5339 96.0783 0.0664516 90.6668 94.4547 1.14311 92.0832 95.8609 -1.14311 89.1175 96.1035 0.0203704 90.9248 94.2121 -0.0203704 90.2759 
94.9785 0 90.5135 94.9785 0 90.5135 95.3414 -0.715107 89.7984 94.6155 0.715107 91.2286 96.8231 0.734274 90.2719 93.1339 -0.734274 90.7552 94.9995 -0.798002 91.1158 94.9574 0.798002 89.9112 
94.951 0 90.2738 94.951 0 90.2738 95.4198 -0.389433 89.8844 94.4822 0.389433 90.6632 96.3304 1.4443 90.38 93.5716 -1.4443 90.1676 94.4276 0.32934 91.0597 95.4744 -0.32934 89.4879 
94.7707 0 90.186 94.7707 0 90.186 94.2068 -0.581792 89.6042 95.3346 0.581792 90.7678 93.1233 0.894481 90.8831 96.4181 -0.894481 89.4889 95.2394 0.627972 90.8073 94.302 -0.627972 89.5647 
94.7423 0 89.9453 94.7423 0 89.9453 94.8178 -0.617772 89.3276 94.6668 0.617772 90.5631 92.8508 0.408947 90.4504 96.6338 -0.408947 89.4402 93.8747 0.473949 89.7947 95.6099 -0.473949 90.0959 
94.561 0 89.8565 94.561 0 89.8565 94.0672 0.233057 90.0896 95.0548 -0.233057 89.6235 93.7418 -1.82436 89.8319 95.3802 1.82436 89.8812 94.0144 0.1023 89.0254 95.1076 -0.1023 90.6877 
94.5316 0 89.6149 94.5316 0 89.6149 93.7318 -0.525727 89.0891 95.3314 0.525727 90.1406 93.4323 0.895609 88.2044 95.6309 -0.895609 91.0253 95.3317 -0.229305 90.1692 93.7315 0.229305 89.0606 
94.3493 0 89.5251 94.3493 0 89.5251 94.5981 0.875739 90.4009 94.1005 -0.875739 88.6494 92.4996 0.175817 88.785 96.199 -0.175817 90.2652 94.0004 -0.86077 89.8957 94.6983 0.86077 89.1546 
94.3189 0 89.2825 94.3189 0 89.2825 95.0078 0.0646971 89.3472 93.6301 -0.0646971 89.2178 94.2151 -1.9781 89.5588 94.4228 1.9781 89.0062 93.6355 0.00510762 88.5525 95.0024 -0.00510762 90.0124 
94.1357 0 89.1917 94.1357 0 89.1917 94.1324 -0.722191 88.4695 94.1389 0.722191 89.9139 96.1167 0.185646 89.3949 92.1547 -0.185646 88.9886 94.0079 0.70357 88.4927 94.2635 -0.70357 89.8908 
94.1043 0 88.9481 94.1043 0 88.9481 93.5243 0.453814 89.4019 94.6844 -0.453814 88.4943 95.3227 1.58591 88.9673 92.8859 -1.58591 88.9289 93.5067 0.430439 88.2716 94.7019 -0.430439 89.6246 
93.9201 0 88.8564 93.9201 0 88.8564 93.2284 -0.520211 88.3362 94.6117 0.520211 89.3766 95.3544 -1.15343 89.6389 92.4857 1.15343 88.0739 94.914 0.000673354 88.7458 92.9262 -0.000673354 88.9669 
93.8877 0 88.6118 93.8877 0 88.6118 93.6216 0.803199 89.415 94.1538 -0.803199 87.8086 95.7154 0.772294 88.8631 92.0601 -0.772294 88.3604 93.4062 -0.832286 88.8864 94.3693 0.832286 88.3372 
93.7025 0 88.5191 93.7025 0 88.5191 93.9064 0.611384 89.1305 93.4987 -0.611384 87.9077 91.7447 0.234955 88.8531 95.6604 -0.234955 88.185 93.8426 0.617701 89.2929 93.5624 -0.617701 87.7452 
93.6692 0 88.2735 93.6692 0 88.2735 94.598 -0.161169 88.1123 92.7404 0.161169 88.4347 93.4124 -1.96931 88.0372 93.926 1.96931 88.5098 94.6063 -0.0568888 88.6178 92.7321 0.0568888 87.9292 
93.483 0 88.1798 93.483 0 88.1798 94.0303 0.465997 88.6458 92.9357 -0.465997 87.7138 92.1308 1.47156 88.1018 94.8352 -1.47156 88.2578 92.6403 0.0661017 88.714 94.3257 -0.0661017 87.6456 
93.4487 0 87.9332 93.4487 0 87.9332 93.7363 0.688135 88.6214 93.1611 -0.688135 87.2451 92.1702 1.31171 87.1302 94.7272 -1.31171 88.7363 93.416 0.910695 88.345 93.4814 -0.910695 87.5215 
93.2615 0 87.8386 93.2615 0 87.8386 93.5678 -0.900266 86.9383 92.9553 0.900266 88.7388 91.9705 0.0849489 89.3637 94.5526 -0.0849489 86.3135 92.7949 0.879258 87.7426 93.7281 -0.879258 87.9345 
93.2262 0 87.591 93.2262 0 87.591 92.7224 0.513133 88.1042 93.7301 -0.513133 87.0779 94.295 1.63435 87.1591 92.1575 -1.63435 88.023 93.8299 -0.332471 86.8665 92.6225 0.332471 88.3156 
93.0381 0 87.4954 93.0381 0 87.4954 93.3936 0.846876 88.3423 92.6825 -0.846876 86.6485 91.1736 0.581871 87.9256 94.9026 -0.581871 87.0652 92.8736 -0.887649 87.0652 93.2025 0.887649 87.9255 
93.0018 0 87.2469 93.0018 0 87.2469 93.8174 0.290127 87.537 92.1863 -0.290127 86.9567 92.0466 1.65199 87.8455 93.9571 -1.65199 86.6482 92.1578 -0.23759 86.766 93.8458 0.23759 87.7278 
92.8127 0 87.1502 92.8127 0 87.1502 93.6152 0.558875 87.7091 92.0101 -0.558875 86.5914 93.9991 -1.42091 87.9075 91.6263 1.42091 86.393 93.5239 -0.614472 87.4916 92.1014 0.614472 86.8088 
92.7754 0 86.9007 92.7754 0 86.9007 92.4456 -0.90217 85.9986 93.1053 0.90217 87.8029 94.6251 -0.73579 86.7076 90.9258 0.73579 87.0938 92.6079 0.966466 86.7061 92.943 -0.966466 87.0953 
92.5853 0 86.8031 92.5853 0 86.8031 91.9585 -0.277485 86.5256 93.2121 0.277485 87.0806 91.9763 1.89472 86.6053 93.1943 -1.89472 87.0009 93.2155 0.266871 87.5323 91.9551 -0.266871 86.074 
92.5471 0 86.5526 92.5471 0 86.5526 92.354 0.776653 87.3293 92.7402 -0.776653 85.776 90.8067 -0.835721 86.0306 94.2875 0.835721 87.0747 92.8274 -0.730265 87.1756 92.2668 0.730265 85.9297 
92.356 0 86.4541 92.356 0 86.4541 92.9788 0.0267858 86.4809 91.7332 -0.0267858 86.4273 92.246 -1.99088 86.6099 92.466 1.99088 86.2982 91.7611 0.195568 85.6744 92.9509 -0.195568 87.2337 
92.3168 0 86.2026 92.3168 0 86.2026 92.3714 -0.712171 85.4904 92.2622 0.712171 86.9148 94.2662 0.380425 86.4375 90.3674 -0.380425 85.9677 92.1162 0.67545 85.493 92.5174 -0.67545 86.9122 
92.1247 0 86.103 92.1247 0 86.103 91.542 0.421876 86.5249 92.7074 -0.421876 85.6812 93.2813 1.63151 86.1237 90.9681 -1.63151 86.0824 91.5357 0.412922 85.4084 92.7137 -0.412922 86.7977 
92.0845 0 85.8506 92.0845 0 85.8506 91.349 -0.445802 85.4048 92.82 0.445802 86.2964 93.4207 -1.20485 86.7241 90.7484 1.20485 84.9771 93.0779 -0.093697 85.7833 91.0912 0.093697 85.9179 
91.8915 0 85.7501 91.8915 0 85.7501 91.9875 0.835744 86.5858 91.7954 -0.835744 84.9143 93.8822 -0.164206 85.8499 89.9007 0.164206 85.6502 91.3029 -0.678062 86.1903 92.4801 0.678062 85.3098 
91.8503 0 85.4966 91.8503 0 85.4966 92.0581 0.538646 86.0353 91.6426 -0.538646 84.958 93.7779 -0.510729 85.3431 89.9227 0.510729 85.6502 92.0096 0.55075 86.316 91.6911 -0.55075 84.6773 
91.6563 0 85.3951 91.6563 0 85.3951 92.4873 -0.265122 85.13 90.8253 0.265122 85.6602 91.6207 1.73207 86.3944 91.6918 -1.73207 84.3958 92.4819 -0.182922 85.9288 90.8306 0.182922 84.8614 
91.6141 0 85.1407 91.6141 0 85.1407 90.9918 0.265158 85.4059 92.2365 -0.265158 84.8755 91.7768 1.91537 85.6929 91.4515 -1.91537 84.5885 90.9922 0.270325 84.4057 92.236 -0.270325 85.8757 
91.4191 0 85.0382 91.4191 0 85.0382 91.6878 -0.650803 84.3874 91.1505 0.650803 85.689 92.774 1.30352 85.7203 90.0643 -1.30352 84.3561 91.3984 0.834493 84.4876 91.4398 -0.834493 85.5888 
91.376 0 84.7828 91.376 0 84.7828 90.4955 -0.157853 84.625 92.2565 0.157853 84.9407 91.1305 1.97338 84.5696 91.6215 -1.97338 84.996 91.0932 -0.953517 84.6788 91.6588 0.953517 84.8868 
91.18 0 84.6793 91.18 0 84.6793 91.1877 0.839872 85.5192 91.1723 -0.839872 83.8395 92.5884 0.761615 83.4809 89.7716 -0.761615 85.8778 90.5921 -0.78324 84.8817 91.7679 0.78324 84.477 
91.1359 0 84.423 91.1359 0 84.423 91.8916 0.583005 85.006 90.3802 -0.583005 83.84 92.1836 -1.62302 84.9408 90.0882 1.62302 83.9051 91.8527 0.638957 84.7022 90.4191 -0.638957 84.1438 
90.9389 0 84.3185 90.9389 0 84.3185 91.0084 -0.843984 83.4745 90.8694 0.843984 85.1625 92.8679 0.386138 84.6792 89.01 -0.386138 83.9578 90.9877 -0.847943 84.8463 90.8902 0.847943 83.7907 
90.8938 0 84.0612 90.8938 0 84.0612 90.2682 -0.249405 83.8118 91.5195 0.249405 84.3106 90.3344 1.91247 83.8893 91.4532 -1.91247 84.233 91.3242 0.65651 84.6807 90.4635 -0.65651 83.4416 
90.6959 0 83.9557 90.6959 0 83.9557 90.0357 0.417538 84.3733 91.3561 -0.417538 83.5382 89.3141 -1.32737 84.5291 92.0777 1.32737 83.3823 91.6309 0.0301673 84.3091 89.7609 -0.0301673 83.6023 
90.6498 0 83.6974 90.6498 0 83.6974 90.6338 0.90367 84.6011 90.6659 -0.90367 82.7937 92.6113 -0.1382 84.0628 88.6884 0.1382 83.332 89.6714 0.0909237 83.5118 91.6282 -0.0909237 83.8829 
90.4509 0 83.591 90.4509 0 83.591 91.3479 -0.441754 83.1492 89.5538 0.441754 84.0327 91.0365 1.22625 82.1236 89.8652 -1.22625 85.0584 89.5198 0.343627 83.7133 91.382 -0.343627 83.4687 
90.4038 0 83.3317 90.4038 0 83.3317 89.951 -0.355208 82.9765 90.8567 0.355208 83.6869 91.2377 -1.79023 83.0158 89.57 1.79023 83.6475 90.6988 0.623931 82.608 90.1089 -0.623931 84.0553 
90.2039 0 83.2243 90.2039 0 83.2243 89.8794 -0.886024 82.3382 90.5284 0.886024 84.1103 88.7133 0.0478678 84.5568 91.6946 -0.0478678 81.8917 89.4032 -0.184967 83.794 91.0047 0.184967 82.6545 
90.1559 0 82.964 90.1559 0 82.964 89.296 -0.430779 82.5332 91.0158 0.430779 83.3948 91.1674 -1.58335 82.2786 89.1444 1.58335 83.6494 90.9969 0.459229 83.2501 89.3149 -0.459229 82.6778 
89.955 0 82.8556 89.955 0 82.8556 89.3063 0.680059 83.5357 90.6037 -0.680059 82.1755 91.4764 1.13388 82.2235 88.4336 -1.13388 83.4877 89.0067 0.28972 82.7262 90.9033 -0.28972 82.985 
89.906 0 82.5943 89.906 0 82.5943 89.7193 0.771064 83.3654 90.0927 -0.771064 81.8233 87.945 -0.215638 82.2659 91.867 0.215638 82.9227 89.756 0.774555 83.2088 90.056 -0.774555 81.9799 
89.7041 0 82.485 89.7041 0 82.485 90.6268 -0.17464 82.3103 88.7814 0.17464 82.6596 89.6537 -1.8339 81.6886 89.7545 1.8339 83.2814 90.6248 -0.215133 82.8107 88.7835 0.215133 82.1592 
89.6541 0 82.2227 89.6541 0 82.2227 89.327 0.595805 82.8185 89.9813 -0.595805 81.6269 88.0637 -1.18581 81.9689 91.2446 1.18581 82.4766 89.7911 -0.715422 82.9079 89.5172 0.715422 81.5376 
89.4513 0 82.1124 89.4513 0 82.1124 88.9097 0.808377 82.9208 89.9929 -0.808377 81.304 87.8228 -0.872722 82.8781 91.0798 0.872722 81.3467 90.3833 0.19646 81.8077 88.5193 -0.19646 82.4171 
89.4003 0 81.8492 89.4003 0 81.8492 89.4494 0.798517 82.6477 89.3512 -0.798517 81.0506 91.3872 0.0458199 81.6255 87.4134 -0.0458199 82.0728 89.8145 -0.698156 81.2651 88.9862 0.698156 82.4332 
89.1965 0 81.7378 89.1965 0 81.7378 90.1222 0.0366943 81.7745 88.2708 -0.0366943 81.7011 88.7959 1.78369 82.549 89.597 -1.78369 80.9267 88.2687 -0.0274851 81.3656 90.1242 0.0274851 82.1101 
89.1445 0 81.4736 89.1445 0 81.4736 88.9514 0.797273 82.2709 89.3377 -0.797273 80.6764 91.0561 0.569177 81.6215 87.2329 -0.569177 81.3258 89.263 0.846341 80.9543 89.0261 -0.846341 81.9929 
88.9397 0 81.3613 88.9397 0 81.3613 89.0527 0.607066 81.9684 88.8267 -0.607066 80.7543 90.9266 -0.166392 81.2042 86.9529 0.166392 81.5184 88.9292 -0.612399 80.5708 88.9502 0.612399 82.1518 
88.8868 0 81.0961 88.8868 0 81.0961 89.8038 -0.140247 80.9559 87.9698 0.140247 81.2364 88.9811 1.93538 81.5915 88.7925 -1.93538 80.6007 87.9705 0.0269602 80.6965 89.8031 -0.0269602 81.4957 
88.681 0 80.9829 88.681 0 80.9829 88.6453 0.717557 81.7004 88.7167 -0.717557 80.2653 90.6519 0.281982 81.1725 86.7101 -0.281982 80.7932 88.9658 0.724597 80.3553 88.3962 -0.724597 81.6104 
88.6271 0 80.7167 88.6271 0 80.7167 88.5613 0.717328 81.434 88.6929 -0.717328 79.9994 90.6222 0.06188 80.842 86.632 -0.06188 80.5914 88.8654 -0.70101 80.0445 88.3888 0.70101 81.3888 
88.4203 0 80.6024 88.4203 0 80.6024 89.3764 -0.178884 80.4235 87.4642 0.178884 80.7813 89.0053 1.07485 79.0205 87.8354 -1.07485 82.1844 89.4196 -0.032491 80.6201 87.421 0.032491 80.5848 
88.3654 0 80.3353 88.3654 0 80.3353 88.3461 -0.239293 80.096 88.3847 0.239293 80.5746 89.8381 -1.3204 80.0391 86.8928 1.3204 80.6315 88.6487 -0.48822 81.1608 88.0822 0.48822 79.5098 
88.1577 0 80.22 88.1577 0 80.22 87.9761 -0.809627 79.4104 88.3393 0.809627 81.0297 89.7696 -0.895463 80.9946 86.5458 0.895463 79.4455 87.8559 0.920824 80.467 88.4595 -0.920824 79.9731 
88.1018 0 79.9519 88.1018 0 79.9519 87.677 0.762973 80.7149 88.5266 -0.762973 79.1889 89.638 1.1773 80.4561 86.5657 -1.1773 79.4477 88.5249 -0.7643 80.4386 87.6787 0.7643 79.4652 
87.8931 0 79.8357 87.8931 0 79.8357 88.4622 0.311211 80.1469 87.3239 -0.311211 79.5245 87.1892 1.85746 79.6026 88.597 -1.85746 80.0688 87.2675 -0.129247 79.0663 88.5187 0.129247 80.6051 
87.8362 0 79.5666 87.8362 0 79.5666 87.9978 -0.796014 78.7706 87.6747 0.796014 80.3626 86.18 -0.8617 78.8493 89.4925 0.8617 80.2838 87.6092 0.759115 78.9565 88.0633 -0.759115 80.1767 
87.6265 0 79.4494 87.6265 0 79.4494 87.0122 -0.0676618 79.3817 88.2409 0.0676618 79.5171 87.5459 -1.98465 79.6832 87.7072 1.98465 79.2156 88.2378 0.0144099 80.2407 87.0152 -0.0144099 78.6581 
87.5687 0 79.1793 87.5687 0 79.1793 87.4316 0.676072 79.8554 87.7058 -0.676072 78.5032 89.4695 0.5916 79.3718 85.6679 -0.5916 78.9868 87.8529 -0.621403 79.9094 87.2845 0.621403 78.4492 
87.358 0 79.0611 87.358 0 79.0611 87.9068 -0.516902 78.5442 86.8092 0.516902 79.578 88.6922 1.48882 79.1179 86.0238 -1.48882 79.0044 87.879 -0.54707 79.7163 86.837 0.54707 78.4059 
87.2992 0 78.7901 87.2992 0 78.7901 88.2184 0.257502 79.0476 86.38 -0.257502 78.5326 88.0439 -1.62941 79.6791 86.5545 1.62941 77.901 86.4835 0.539819 78.582 88.1149 -0.539819 78.9981 
87.0875 0 78.6709 87.0875 0 78.6709 86.3821 -0.446849 78.224 87.7929 0.446849 79.1177 88.215 -1.64844 78.7776 85.96 1.64844 78.5642 87.8994 0.255199 78.1458 86.2757 -0.255199 79.196 
87.0277 0 78.3989 87.0277 0 78.3989 86.2059 -0.411276 77.9876 87.8496 0.411276 78.8101 88.11 -1.56003 77.7703 85.9455 1.56003 79.0274 86.0601 0.242765 78.3298 87.9954 -0.242765 78.4679 
86.8151 0 78.2787 86.8151 0 78.2787 86.0822 0.0731885 78.3519 87.548 -0.0731885 78.2055 87.5947 -1.53926 79.29 86.0354 1.53926 77.2674 85.985 0.420502 78.6449 87.6452 -0.420502 77.9125 
86.7543 0 78.0057 86.7543 0 78.0057 86.2931 -0.481976 77.5237 87.2155 0.481976 78.4877 85.0734 1.01306 78.3909 88.4352 -1.01306 77.6205 87.5935 0.136425 78.5321 85.9151 -0.136425 77.4792 
86.5407 0 77.8846 86.5407 0 77.8846 85.9663 0.697676 78.5822 87.115 -0.697676 77.1869 85.2257 -0.163159 79.3826 87.8557 0.163159 76.3865 87.2858 -0.641111 78.0685 85.7956 0.641111 77.7006 
86.4789 0 77.6106 86.4789 0 77.6106 87.1483 -0.131949 77.4786 85.8096 0.131949 77.7425 86.5949 1.98076 77.3593 86.3629 -1.98076 77.8618 85.823 -0.171192 78.3457 87.1348 0.171192 76.8754 
86.2643 0 77.4885 86.2643 0 77.4885 87.1231 0.0826403 77.5711 85.4056 -0.0826403 77.4058 85.9139 -1.76017 76.6058 86.6147 1.76017 78.3711 85.6795 -0.801363 77.3629 86.8492 0.801363 77.614 
86.2016 0 77.2135 86.2016 0 77.2135 86.4286 0.797267 78.0107 85.9746 -0.797267 76.4162 84.2543 0.346618 76.9171 88.1489 -0.346618 77.5098 86.2139 -0.815522 77.7921 86.1893 0.815522 76.6349 
85.986 0 77.0904 85.986 0 77.0904 86.5424 -0.206925 76.8835 85.4296 0.206925 77.2973 85.2176 -1.84564 77.147 86.7544 1.84564 77.0337 85.4798 0.316328 76.288 86.4922 -0.316328 77.8927 
85.9223 0 76.8144 85.9223 0 76.8144 86.2334 -0.639909 76.1745 85.6112 0.639909 77.4543 87.8231 0.426167 76.3611 84.0215 -0.426167 77.2677 85.2271 0.482359 76.2815 86.6175 -0.482359 77.3473 
85.7057 0 76.6904 85.7057 0 76.6904 85.2034 -0.560564 76.1298 86.208 0.560564 77.2509 84.5021 1.54672 76.2917 86.9093 -1.54672 77.089 85.854 -0.953541 76.4281 85.5575 0.953541 76.9526 
85.641 0 76.4134 85.641 0 76.4134 85.2936 -0.332898 76.0805 85.9885 0.332898 76.7463 84.6223 1.7038 76.6566 86.6598 -1.7038 76.1702 86.2195 -0.222854 75.6287 85.0626 0.222854 77.1981 
85.4235 0 76.2884 85.4235 0 76.2884 85.3633 0.875926 77.1643 85.4837 -0.875926 75.4124 83.4403 -0.214855 76.4321 87.4067 0.214855 76.1447 85.6991 -0.831205 75.8056 85.1478 0.831205 76.7712 
85.3578 0 76.0104 85.3578 0 76.0104 86.141 0.382542 76.393 84.5746 -0.382542 75.6279 86.5146 -1.47503 75.3133 84.201 1.47503 76.7076 84.5581 -0.360862 75.5306 86.1576 0.360862 76.4902 
85.1393 0 75.8844 85.1393 0 75.8844 84.9608 0.794787 76.6792 85.3177 -0.794787 75.0896 83.3533 0.233547 76.7538 86.9252 -0.233547 75.015 85.4381 0.625942 75.1641 84.8405 -0.625942 76.6048 
85.0726 0 75.6055 85.0726 0 75.6055 85.5396 -0.454668 75.1509 84.6057 0.454668 76.0602 83.7812 -1.52261 75.7231 86.3641 1.52261 75.4879 85.5452 -0.448009 74.8466 84.6 0.448009 76.3644 
84.8531 0 75.4785 84.8531 0 75.4785 84.278 -0.647835 74.8307 85.4283 0.647835 76.1264 86.4819 -0.79191 74.6301 83.2243 0.79191 76.327 84.3618 -0.683996 74.9393 85.3445 0.683996 76.0177 
84.7855 0 75.1986 84.7855 0 75.1986 83.9377 0.209917 75.4085 85.6333 -0.209917 74.9887 85.372 -1.15906 73.6779 84.199 1.15906 76.7193 83.9102 0.273471 74.7998 85.6608 -0.273471 75.5974 
84.565 0 75.0706 84.565 0 75.0706 85.0472 -0.582222 74.4884 84.0828 0.582222 75.6529 83.7855 -1.62352 74.2009 85.3445 1.62352 75.9404 84.1407 0.687851 74.4817 84.9893 -0.687851 75.6596 
84.4964 0 74.7898 84.4964 0 74.7898 83.8879 0.0326258 74.8224 85.1049 -0.0326258 74.7572 84.1089 -1.95005 75.0069 84.8839 1.95005 74.5726 84.7058 -0.800246 75.3517 84.287 0.800246 74.2279 
84.2749 0 74.6608 84.2749 0 74.6608 85.1248 -0.220892 74.4399 83.425 0.220892 74.8817 84.061 -1.92262 75.1685 84.4888 1.92262 74.1531 83.4586 0.391798 75.0853 85.0912 -0.391798 74.2363 
84.2053 0 74.379 84.2053 0 74.379 85.0132 0.299587 74.6786 83.3975 -0.299587 74.0794 83.3146 1.74867 74.7646 85.0961 -1.74867 73.9933 85.0638 -0.481908 74.5544 83.3469 0.481908 74.2035 
83.9829 0 74.249 83.9829 0 74.249 84.5885 0.0370293 74.2861 83.3772 -0.0370293 74.212 84.4756 -1.91712 74.5352 83.4902 1.91712 73.9629 83.6226 0.932696 74.2648 84.3432 -0.932696 74.2333 
83.9123 0 73.9662 83.9123 0 73.9662 84.9062 0.106582 74.0728 82.9184 -0.106582 73.8596 84.107 -1.93674 74.4257 83.7177 1.93674 73.5067 83.6687 -0.87862 74.3769 84.156 0.87862 73.5555 
83.6889 0 73.8353 83.6889 0 73.8353 82.917 0.334756 74.17 84.4607 -0.334756 73.5005 82.7417 -1.73989 73.5603 84.6361 1.73989 74.1103 83.0159 0.487165 74.3918 84.3619 -0.487165 73.2788 
83.6173 0 73.5515 83.6173 0 73.5515 84.3459 0.498439 74.0499 82.8888 -0.498439 73.053 84.7487 -1.64924 73.5469 82.486 1.64924 73.5561 84.3126 0.544405 74.0208 82.9221 -0.544405 73.0822 
83.3929 0 73.4196 83.3929 0 73.4196 83.7548 -0.908055 72.5115 83.031 0.908055 74.3276 84.2596 -0.0727883 71.6186 82.5263 0.0727883 75.2206 82.8506 0.773159 73.7483 83.9353 -0.773159 73.0908 
83.3204 0 73.1348 83.3204 0 73.1348 82.5925 -0.142403 72.9924 84.0483 0.142403 73.2772 83.4518 -1.97636 72.8578 83.189 1.97636 73.4118 82.5952 -0.175984 73.8005 84.0456 0.175984 72.4691 
83.095 0 73.0019 83.095 0 73.0019 82.7492 0.614385 73.6163 83.4408 -0.614385 72.3875 84.9705 0.505691 73.4782 81.2195 -0.505691 72.5256 82.4378 0.483994 73.5797 83.7522 -0.483994 72.4241 
83.0215 0 72.7161 83.0215 0 72.7161 82.2438 0.263966 72.9801 83.7992 -0.263966 72.4522 84.1526 1.38005 71.8128 81.8904 -1.38005 73.6195 83.6764 -0.391343 73.3627 82.3666 0.391343 72.0696 
82.7951 0 72.5823 82.7951 0 72.5823 83.4051 0.233426 72.8157 82.1851 -0.233426 72.3489 81.8023 1.71485 72.3111 83.788 -1.71485 72.8535 82.2162 -0.28477 73.3463 83.3741 0.28477 71.8183 
82.7206 0 72.2955 82.7206 0 72.2955 82.3051 0.705843 73.0014 83.1362 -0.705843 71.5897 83.773 1.40203 71.3328 81.6683 -1.40203 73.2583 82.7026 0.985019 72.467 82.7387 -0.985019 72.124 
82.4933 0 72.1607 82.4933 0 72.1607 83.197 0.539698 72.7004 81.7896 -0.539698 71.621 82.2377 1.47181 70.8309 82.7488 -1.47181 73.4905 81.8878 -0.774935 71.9795 83.0988 0.774935 72.3419 
82.4178 0 71.873 82.4178 0 71.873 81.7073 -0.543927 71.329 83.1283 0.543927 72.4169 81.9468 1.56334 73.028 82.8888 -1.56334 70.7179 81.6921 -0.485963 72.36 83.1435 0.485963 71.3859 
82.1895 0 71.7372 82.1895 0 71.7372 82.4247 0.574382 72.3115 81.9542 -0.574382 71.1628 84.13 -0.371731 71.4272 80.2489 0.371731 72.0471 82.3543 0.586274 72.5303 82.0247 -0.586274 70.944 
82.113 0 71.4484 82.113 0 71.4484 82.9962 -0.207024 71.2414 81.2298 0.207024 71.6555 82.0928 1.77731 72.3654 82.1333 -1.77731 70.5315 82.9917 -0.125643 71.9091 81.2344 0.125643 70.9878 
81.8837 0 71.3116 81.8837 0 71.3116 81.3096 0.45572 71.7674 82.4579 -0.45572 70.8559 82.508 1.77974 71.9771 81.2594 -1.77974 70.6462 82.176 -0.882899 71.6791 81.5914 0.882899 70.9441 
81.8063 0 71.022 81.8063 0 71.022 82.6714 0.331465 71.3534 80.9412 -0.331465 70.6905 80.9844 1.79744 71.3281 82.6282 -1.79744 70.7158 81.3074 0.859032 71.1365 82.3052 -0.859032 70.9074 
81.576 0 70.8842 81.576 0 70.8842 82.1605 -0.437117 70.4471 80.9915 0.437117 71.3213 82.0703 -1.41303 72.2104 81.0817 1.41303 69.5579 82.182 -0.789099 70.7836 80.97 0.789099 70.9847 
81.4976 0 70.5935 81.4976 0 70.5935 82.1842 0.376615 70.9701 80.811 -0.376615 70.2169 82.3327 -1.80899 70.7671 80.6625 1.80899 70.42 80.9831 0.838764 70.4153 82.0121 -0.838764 70.7717 
81.2663 0 70.4547 81.2663 0 70.4547 81.6564 -0.551995 69.9028 80.8762 0.551995 71.0067 82.3924 1.55261 69.8879 80.1402 -1.55261 71.0216 80.6708 0.162073 71.2416 81.8619 -0.162073 69.6679 
81.1869 0 70.1631 81.1869 0 70.1631 81.6662 -0.813922 69.3492 80.7077 0.813922 70.977 79.4323 -0.866766 69.7509 82.9416 0.866766 70.5753 80.1878 0.0390011 70.1519 82.1861 -0.0390011 70.1743 
80.9547 0 70.0234 80.9547 0 70.0234 80.0674 0.0430212 70.0664 81.842 -0.0430212 69.9803 81.2789 -1.80602 69.2276 80.6305 1.80602 70.8191 81.8393 -0.028604 70.4888 80.0701 0.028604 69.5579 
80.8743 0 69.7307 80.8743 0 69.7307 81.1594 -0.787784 68.943 80.5892 0.787784 70.5185 79.4327 -1.10336 68.8916 82.316 1.10336 70.5699 80.8765 -0.934847 70.0858 80.8722 0.934847 69.3757 
80.6411 0 69.59 80.6411 0 69.59 80.0054 -0.491996 69.098 81.2767 0.491996 70.082 81.8192 -1.61437 69.6663 79.4629 1.61437 69.5138 79.7912 0.365712 69.2105 81.4909 -0.365712 69.9695 
80.5597 0 69.2964 80.5597 0 69.2964 80.1677 -0.662714 68.6337 80.9518 0.662714 69.9591 81.3387 -1.49584 68.2214 79.7808 1.49584 70.3715 81.1122 -0.0880337 68.4675 80.0073 0.0880337 70.1253 
80.3255 0 69.1547 80.3255 0 69.1547 80.3555 0.747103 69.9018 80.2955 -0.747103 68.4076 82.3135 0.0955009 68.9574 78.3376 -0.0955009 69.352 80.3129 -0.746156 68.4891 80.3382 0.746156 69.8204 
80.2432 0 68.8601 80.2432 0 68.8601 81.2063 -0.133997 68.7261 79.2801 0.133997 68.9941 80.6524 1.85599 68.2373 79.834 -1.85599 69.4829 79.4632 0.521986 68.515 81.0232 -0.521986 69.2052 
80.008 0 68.7174 80.008 0 68.7174 79.4449 0.389192 69.1066 80.5711 -0.389192 68.3282 81.2066 1.59947 68.7892 78.8094 -1.59947 68.6456 80.485 -0.493535 67.9902 79.531 0.493535 69.4447 
79.9247 0 68.4219 79.9247 0 68.4219 80.5499 0.593544 69.0154 79.2995 -0.593544 67.8283 78.3646 0.99229 69.1844 81.4848 -0.99229 67.6594 79.3621 -0.630355 67.887 80.4873 0.630355 68.9568 
79.6885 0 68.2782 79.6885 0 68.2782 80.5137 -0.49063 67.7876 78.8633 0.49063 68.7688 78.6519 -0.92141 69.7192 80.7251 0.92141 66.8372 80.5544 0.147198 67.8001 78.8226 -0.147198 68.7563 
79.6042 0 67.9817 79.6042 0 67.9817 78.8248 0.260315 68.242 80.3837 -0.260315 67.7214 79.9931 1.93037 67.6317 79.2154 -1.93037 68.3317 80.369 -0.324028 67.4247 78.8395 0.324028 68.5386 
79.3671 0 67.837 79.3671 0 67.837 79.3155 0.854128 68.6912 79.4187 -0.854128 66.9829 77.3782 -0.183421 67.9413 81.3559 0.183421 67.7327 79.7019 -0.791887 67.3263 79.0323 0.791887 68.3477 
79.2818 0 67.5395 79.2818 0 67.5395 80.1416 0.232506 67.772 78.4221 -0.232506 67.307 80.1464 -1.61082 66.7285 78.4172 1.61082 68.3505 78.4141 -0.217269 67.0925 80.1496 0.217269 67.9865 
79.0437 0 67.3939 79.0437 0 67.3939 79.1176 0.89511 68.289 78.9698 -0.89511 66.4988 77.0578 0.0501074 67.1622 81.0296 -0.0501074 67.6255 79.7132 0.689975 67.1187 78.3742 -0.689975 67.6691 
78.9574 0 67.0954 78.9574 0 67.0954 79.3183 0.545591 67.641 78.5966 -0.545591 66.5498 77.1327 0.749054 67.4256 80.7822 -0.749054 66.7651 78.6311 -0.55925 66.3333 79.2838 0.55925 67.8574 
78.7183 0 66.9488 78.7183 0 66.9488 79.5449 -0.369475 66.5793 77.8918 0.369475 67.3182 78.4113 -1.7475 66.0257 79.0253 1.7475 67.8718 77.8812 0.288248 66.4839 79.5554 -0.288248 67.4137 
78.6311 0 66.6493 78.6311 0 66.6493 78.0114 0.167816 66.8171 79.2508 -0.167816 66.4815 78.5577 -1.964 66.2787 78.7045 1.964 67.0199 79.2493 -0.200522 67.4093 78.0129 0.200522 65.8893 
78.391 0 66.5017 78.391 0 66.5017 77.7823 -0.788168 65.7135 78.9997 0.788168 67.2899 77.2793 0.68337 64.9861 79.5027 -0.68337 68.0173 77.6914 0.116134 65.7967 79.0906 -0.116134 67.2068 
78.3028 0 66.2012 78.3028 0 66.2012 78.1639 0.903227 67.1045 78.4417 -0.903227 65.298 76.8026 -0.727347 65.0966 79.803 0.727347 67.3059 78.2317 0.932203 65.8464 78.3739 -0.932203 66.5561 
78.0617 0 66.0527 78.0617 0 66.0527 78.6557 0.322802 66.3755 77.4678 -0.322802 65.7299 78.5516 -1.89009 66.4858 77.5718 1.89009 65.6196 78.6615 0.299644 66.7946 77.462 -0.299644 65.3107 
77.9725 0 65.7512 77.9725 0 65.7512 77.9722 -0.809262 64.942 77.9729 0.809262 66.5605 79.8073 0.467127 66.3958 76.1378 -0.467127 65.1067 78.0412 -0.789404 66.3613 77.9039 0.789404 65.1412 
77.7305 0 65.6017 77.7305 0 65.6017 77.1095 0.0420468 65.6437 78.3515 -0.0420468 65.5596 78.1397 1.94528 65.3815 77.3213 -1.94528 65.8218 77.1278 0.119684 64.8127 78.3331 -0.119684 66.3907 
77.6403 0 65.2993 77.6403 0 65.2993 77.5367 0.668263 65.9675 77.7439 -0.668263 64.631 75.6643 -0.308757 65.2971 79.6163 0.308757 65.3015 77.3436 0.6246 64.5769 77.937 -0.6246 66.0216 
77.3973 0 65.1487 77.3973 0 65.1487 77.8542 -0.710252 64.4385 76.9403 0.710252 65.859 75.7908 -1.17614 64.9596 79.0038 1.17614 65.3378 77.0062 0.755113 64.6226 77.7884 -0.755113 65.6749 
77.3061 0 64.8453 77.3061 0 64.8453 76.7712 -0.591725 64.2536 77.841 0.591725 65.4371 78.7304 -1.39977 64.9555 75.8819 1.39977 64.7352 77.1889 -0.858787 64.3466 77.4234 0.858787 65.3441 
77.0621 0 64.6938 77.0621 0 64.6938 77.0501 -0.48383 64.21 77.0742 0.48383 65.1777 78.5664 -1.1621 64.072 75.5578 1.1621 65.3156 77.6954 -0.216454 63.9508 76.4288 0.216454 65.4369 
76.97 0 64.3895 76.97 0 64.3895 76.6936 -0.829882 63.5596 77.2464 0.829882 65.2193 75.2403 0.869434 63.8871 78.6997 -0.869434 64.8918 77.1843 -0.934861 64.1064 76.7557 0.934861 64.6725 
76.725 0 64.237 76.725 0 64.237 76.1218 0.600187 64.8372 77.3282 -0.600187 63.6368 75.815 -1.59971 63.4541 77.635 1.59971 65.0198 76.1215 0.59976 63.7115 77.3285 -0.59976 64.7624 
76.6319 0 63.9316 76.6319 0 63.9316 77.222 0.0955099 64.0271 76.0418 -0.0955099 63.8361 76.7902 -1.99008 64.0522 76.4736 1.99008 63.811 77.2259 0.031756 64.7355 76.0379 -0.031756 63.1277 
76.3859 0 63.7781 76.3859 0 63.7781 76.6531 -0.639367 63.1388 76.1187 0.639367 64.4175 78.1171 0.976079 64.0021 74.6547 -0.976079 63.5542 76.7951 -0.548041 64.5077 75.9767 0.548041 63.0486 
76.2918 0 63.4718 76.2918 0 63.4718 75.7186 0.455193 63.927 76.8651 -0.455193 63.0166 77.4913 1.59931 63.5312 75.0924 -1.59931 63.4124 76.8263 -0.504496 64.1499 75.7574 0.504496 62.7937 
76.0449 0 63.3174 76.0449 0 63.3174 75.1707 -0.252021 63.0653 76.919 0.252021 63.5694 76.9314 -1.52672 64.2572 75.1584 1.52672 62.3775 75.1408 0.418075 63.2285 76.9489 -0.418075 63.4062 
75.9498 0 63.01 75.9498 0 63.01 76.6191 0.377298 63.3873 75.2805 -0.377298 62.6327 76.9542 -1.72927 63.0409 74.9455 1.72927 62.9792 76.7147 0.173672 62.3898 75.1849 -0.173672 63.6303 
75.7019 0 62.8546 75.7019 0 62.8546 76.6679 0.211127 63.0657 74.7359 -0.211127 62.6435 75.1869 1.47562 64.1025 76.2169 -1.47562 61.6067 75.2766 0.688534 63.442 76.1272 -0.688534 62.2672 
75.6058 0 62.5463 75.6058 0 62.5463 76.1261 0.397101 62.9434 75.0855 -0.397101 62.1492 73.8979 0.479076 61.6225 77.3138 -0.479076 63.4701 74.9343 0.342226 61.8891 76.2774 -0.342226 63.2035 
75.3569 0 62.3899 75.3569 0 62.3899 75.004 -0.867212 61.5227 75.7098 0.867212 63.2571 73.5504 0.435658 61.6505 77.1634 -0.435658 63.1293 75.9673 0.760202 62.1674 74.7465 -0.760202 62.6124 
75.2599 0 62.0806 75.2599 0 62.0806 74.5028 -0.0894337 61.9912 76.017 0.0894337 62.17 75.4508 -1.9902 62.1323 75.069 1.9902 62.0289 76.0191 -0.135831 62.7171 74.5007 0.135831 61.4441 
75.01 0 61.9232 75.01 0 61.9232 75.0447 0.77742 62.7007 74.9753 -0.77742 61.1458 76.9971 0.0821335 62.1347 73.0229 -0.0821335 61.7118 75.1038 -0.76562 62.5596 74.9162 0.76562 61.2868 
74.912 0 61.613 74.912 0 61.613 75.5641 -0.169904 61.4431 74.2599 0.169904 61.7829 75.4905 1.91321 61.5424 74.3335 -1.91321 61.6836 75.5996 -0.0269269 62.3385 74.2244 0.0269269 60.8874 
74.6611 0 61.4546 74.6611 0 61.4546 75.64 -0.0157471 61.4389 73.6823 0.0157471 61.4704 74.3425 -1.36854 62.8778 74.9797 1.36854 60.0314 75.0903 0.651992 60.8295 74.2319 -0.651992 62.0797 
74.5621 0 61.1434 74.5621 0 61.1434 74.7709 -0.524949 60.6184 74.3533 0.524949 61.6683 76.3916 -0.387335 61.8527 72.7327 0.387335 60.434 74.2828 0.538417 61.9384 74.8414 -0.538417 60.3483 
74.3103 0 60.984 74.3103 0 60.984 73.4391 -0.376691 60.6073 75.1815 0.376691 61.3607 74.8311 -1.79648 61.6921 73.7894 1.79648 60.2759 74.5094 0.967693 60.8293 74.1112 -0.967693 61.1387 
74.2103 0 60.6718 74.2103 0 60.6718 75.0391 0.409673 61.0815 73.3815 -0.409673 60.2621 74.182 -1.3313 59.1795 74.2386 1.3313 62.1641 74.8217 -0.13415 59.8919 73.5989 0.13415 61.4517 
73.9575 0 60.5115 73.9575 0 60.5115 73.6479 -0.54468 59.9668 74.2671 0.54468 61.0562 75.8534 -0.481993 60.0951 72.0616 0.481993 60.9278 73.6747 -0.551248 59.7265 74.2403 0.551248 61.2964 
73.8565 0 60.1983 73.8565 0 60.1983 73.0155 0.209402 60.4077 74.6975 -0.209402 59.9889 73.5759 1.61214 61.3481 74.1372 -1.61214 59.0484 73.032 0.134355 59.6486 74.6811 -0.134355 60.7479 
73.6027 0 60.037 73.6027 0 60.037 74.2391 -0.274438 59.7625 72.9663 0.274438 60.3114 73.6118 1.87178 60.7415 73.5936 -1.87178 59.3324 74.2387 -0.302413 60.747 72.9668 0.302413 59.327 
73.5008 0 59.7228 73.5008 0 59.7228 73.1143 0.532584 60.2554 73.8873 -0.532584 59.1902 74.537 1.60159 60.3237 72.4646 -1.60159 59.1218 73.7344 -0.727586 60.3678 73.2672 0.727586 59.0778 
73.246 0 59.5605 73.246 0 59.5605 73.4237 -0.712939 58.8476 73.0683 0.712939 60.2734 74.9845 0.873754 60.0234 71.5075 -0.873754 59.0976 73.0697 -0.826993 60.0943 73.4223 0.826993 59.0266 
73.1431 0 59.2453 73.1431 0 59.2453 72.6261 -0.586697 58.6586 73.6601 0.586697 59.832 74.792 -1.07432 58.889 71.4942 1.07432 59.6017 73.2598 0.759588 59.8852 73.0264 -0.759588 58.6055 
72.8873 0 59.0821 72.8873 0 59.0821 73.492 -0.60223 58.4798 72.2827 0.60223 59.6843 74.3531 0.328807 57.7617 71.4216 -0.328807 60.4025 73.2108 -0.622467 59.7948 72.5639 0.622467 58.3694 
72.7834 0 58.7659 72.7834 0 58.7659 72.1947 0.00569878 58.7716 73.3722 -0.00569878 58.7602 72.4569 1.95706 58.5143 73.11 -1.95706 59.0176 72.2011 -0.0304001 59.5783 73.3658 0.0304001 57.9536 
72.5267 0 58.6017 72.5267 0 58.6017 71.8551 0.137068 58.7387 73.1982 -0.137068 58.4646 71.7608 -1.81107 58.2363 73.2925 1.81107 58.9671 71.754 -0.304109 59.1588 73.2994 0.304109 58.0445 
72.4218 0 58.2846 72.4218 0 58.2846 72.0193 0.803291 59.0878 72.8243 -0.803291 57.4813 73.9593 0.0724793 59.5616 70.8844 -0.0724793 57.0075 71.5597 0.421039 58.0027 73.2839 -0.421039 58.5665 
72.1641 0 58.1193 72.1641 0 58.1193 72.7635 -0.715398 57.4039 71.5647 0.715398 58.8347 73.2945 1.39182 59.0053 71.0337 -1.39182 57.2333 71.5705 0.722486 57.7648 72.7577 -0.722486 58.4738 
72.0582 0 57.8012 72.0582 0 57.8012 71.5154 -0.352533 57.4487 72.601 0.352533 58.1538 71.2089 1.79652 57.5752 72.9076 -1.79652 58.0273 72.6144 0.323585 58.5668 71.5021 -0.323585 57.0357 
71.7995 0 57.635 71.7995 0 57.635 71.5416 0.776331 58.4114 72.0574 -0.776331 56.8587 70.2324 -1.03264 56.9438 73.3667 1.03264 58.3262 72.1247 -0.728359 58.2381 71.4743 0.728359 57.0319 
71.6927 0 57.3159 71.6927 0 57.3159 72.2981 0.108469 57.4244 71.0873 -0.108469 57.2075 71.7745 -1.9872 57.5265 71.6109 1.9872 57.1054 71.086 -0.0532295 56.5228 72.2994 0.0532295 58.1091 
71.433 0 57.1488 71.433 0 57.1488 71.6059 -0.679829 56.4689 71.2601 0.679829 57.8286 73.2691 0.74672 57.4157 69.5969 -0.74672 56.8818 71.1273 0.617682 56.4242 71.7387 -0.617682 57.8733 
71.3252 0 56.8287 71.3252 0 56.8287 70.7349 0.410594 57.2393 71.9155 -0.410594 56.4181 72.4556 1.64984 56.8433 70.1948 -1.64984 56.8141 70.7491 0.430893 56.1341 71.9013 -0.430893 57.5233 
71.0645 0 56.6605 71.0645 0 56.6605 70.2158 -0.270948 56.3896 71.9133 0.270948 56.9315 72.054 -1.42014 57.6626 70.075 1.42014 55.6585 71.9893 -0.369397 56.752 70.1398 0.369397 56.569 
70.9557 0 56.3395 70.9557 0 56.3395 71.5928 0.442662 56.7822 70.3187 -0.442662 55.8968 72.126 -1.62128 56.3836 69.7855 1.62128 56.2954 70.2072 -0.256905 56.9508 71.7043 0.256905 55.7282 
70.6941 0 56.1703 70.6941 0 56.1703 71.4371 0.533534 56.7039 69.9511 -0.533534 55.6368 72.0326 -1.19069 55.2812 69.3556 1.19069 57.0595 71.6763 -0.151829 56.0602 69.7118 0.151829 56.2805 
70.5843 0 55.8483 70.5843 0 55.8483 71.4995 -0.316715 55.5316 69.6691 0.316715 56.165 69.804 -1.08244 57.3381 71.3646 1.08244 54.3585 69.5894 0.0782941 55.9122 71.5792 -0.0782941 55.7845 
70.3217 0 55.6782 70.3217 0 55.6782 69.963 -0.456989 55.2212 70.6803 0.456989 56.1352 69.1265 1.56454 56.03 71.5169 -1.56454 55.3264 70.3511 0.775281 55.0473 70.2922 -0.775281 56.3091 
70.2109 0 55.3552 70.2109 0 55.3552 71.1652 -0.240071 55.1151 69.2567 0.240071 55.5953 70.4949 1.77709 54.4827 69.927 -1.77709 56.2277 70.5446 -0.894809 55.6518 69.8772 0.894809 55.0586 
69.9473 0 55.1841 69.9473 0 55.1841 70.7318 -0.437114 54.747 69.1629 0.437114 55.6212 69.5384 0.974984 56.8818 70.3563 -0.974984 53.4864 69.7538 -0.220644 54.2281 70.1409 0.220644 56.14 
69.8356 0 54.8601 69.8356 0 54.8601 69.0766 0.491087 55.3512 70.5946 -0.491087 54.369 70.3107 1.64035 55.901 69.3605 -1.64035 53.8192 69.0885 0.529057 54.4576 70.5827 -0.529057 55.2626 
69.571 0 54.688 69.571 0 54.688 70.1608 0.0459672 54.734 68.9812 -0.0459672 54.6421 69.3083 1.98108 54.7673 69.8337 -1.98108 54.6088 70.1658 0.00373927 55.4919 68.9762 -0.00373927 53.8842 
69.4583 0 54.3631 69.4583 0 54.3631 69.9255 -0.488533 53.8745 68.9911 0.488533 54.8516 68.0396 -1.40928 54.3283 70.877 1.40928 54.3978 70.0919 -0.291343 55.0797 68.8247 0.291343 53.6464 
69.1927 0 54.19 69.1927 0 54.19 68.8788 0.716106 54.9061 69.5066 -0.716106 53.4739 67.4457 -0.950192 53.9781 70.9398 0.950192 54.4019 69.2634 -0.816546 54.7629 69.1221 0.816546 53.6171 
69.079 0 53.8641 69.079 0 53.8641 69.1698 0.745341 54.6094 68.9883 -0.745341 53.1187 67.0873 0.133285 53.9874 71.0708 -0.133285 53.7407 68.8753 0.732355 54.5138 69.2828 -0.732355 53.2143 
68.8125 0 53.69 68.8125 0 53.69 69.7481 -0.183441 53.5066 67.8769 0.183441 53.8735 68.2691 -1.83941 54.2568 69.3559 1.83941 53.1232 68.5496 -0.921397 53.9762 69.0753 0.921397 53.4038 
68.6978 0 53.3631 68.6978 0 53.3631 69.0938 -0.41411 52.949 68.3018 0.41411 53.7772 69.3883 -1.51984 52.2616 68.0074 1.51984 54.4646 68.3619 0.288415 52.4665 69.0338 -0.288415 54.2597 
68.4303 0 53.1881 68.4303 0 53.1881 68.5746 0.932046 54.1201 68.2859 -0.932046 52.256 70.363 -0.121061 53.6879 66.4975 0.121061 52.6882 68.8544 0.872299 52.9446 68.0062 -0.872299 53.4315 
68.3146 0 52.8602 68.3146 0 52.8602 68.9229 0.402219 53.2624 67.7064 -0.402219 52.4579 67.1103 1.59099 52.9956 69.519 -1.59099 52.7248 67.8607 -0.574011 52.1786 68.7685 0.574011 53.5417 
68.0461 0 52.6842 68.0461 0 52.6842 68.6879 -0.564407 52.1197 67.4043 0.564407 53.2486 66.9295 -1.61602 52.3077 69.1627 1.61602 53.0606 67.2966 0.371374 52.1362 68.7957 -0.371374 53.2321 
67.9295 0 52.3553 67.9295 0 52.3553 67.3199 0.0589376 52.4142 68.5391 -0.0589376 52.2963 67.8579 -1.99652 52.2617 68.0011 1.99652 52.4489 67.6182 -0.86016 51.9513 68.2408 0.86016 52.7593 
67.66 0 52.1783 67.66 0 52.1783 67.6258 -0.879941 51.2983 67.6942 0.879941 53.0582 65.7063 0.259265 52.5185 69.6137 -0.259265 51.838 68.3011 0.598484 51.6978 67.0189 -0.598484 52.6588 
67.5424 0 51.8484 67.5424 0 51.8484 67.8243 0.632106 52.4805 67.2605 -0.632106 51.2163 65.6375 0.187658 52.4281 69.4473 -0.187658 51.2688 66.9771 -0.571189 51.2533 68.1077 0.571189 52.4436 
67.2719 0 51.6705 67.2719 0 51.6705 67.9021 0.251878 51.9223 66.6417 -0.251878 51.4186 65.8019 0.996605 50.7508 68.742 -0.996605 52.5901 67.8836 0.26421 50.9248 66.6602 -0.26421 52.4161 
67.1533 0 51.3396 67.1533 0 51.3396 66.5293 -0.0685074 51.2711 67.7774 0.0685074 51.4081 66.2086 1.65319 50.7277 68.0981 -1.65319 51.9515 67.864 -0.109978 50.6447 66.4427 0.109978 52.0345 
66.8819 0 51.1607 66.8819 0 51.1607 66.2794 -0.23477 50.9259 67.4843 0.23477 51.3954 66.8213 -1.89671 50.5291 66.9424 1.89671 51.7922 67.3588 0.795661 50.7873 66.4049 -0.795661 51.5341 
66.7623 0 50.8288 66.7623 0 50.8288 65.8407 -0.103909 50.7249 67.6839 0.103909 50.9328 67.2751 -1.77269 50.0577 66.2496 1.77269 51.6 67.2709 -0.105165 49.9743 66.2537 0.105165 51.6834 
66.4899 0 50.6489 66.4899 0 50.6489 66.5437 0.718639 51.3676 66.4361 -0.718639 49.9303 68.4691 -0.262393 50.7674 64.5107 0.262393 50.5305 66.4679 -0.722485 49.9579 66.5118 0.722485 51.34 
66.3693 0 50.3161 66.3693 0 50.3161 67.2713 -0.378619 49.9375 65.4674 0.378619 50.6947 67.1408 0.980683 48.7531 65.5978 -0.980683 51.8791 67.3398 -0.2412 50.3178 65.3989 0.2412 50.3144 
66.0959 0 50.1352 66.0959 0 50.1352 65.7907 -0.506868 49.6284 66.4011 0.506868 50.6421 67.3108 -1.51119 49.645 64.881 1.51119 50.6254 65.9279 -0.656894 50.8702 66.264 0.656894 49.4002 
65.9744 0 49.8014 65.9744 0 49.8014 65.6622 -0.892064 48.9094 66.2866 0.892064 50.6935 67.5032 -0.0633872 48.5135 64.4456 0.0633872 51.0893 66.7922 0.420798 49.4088 65.1566 -0.420798 50.1941 
65.7 0 49.6196 65.7 0 49.6196 65.0174 -0.523273 49.0963 66.3826 0.523273 50.1428 64.2839 0.601176 50.8975 67.1161 -0.601176 48.3416 65.061 -0.540314 49.072 66.339 0.540314 50.1671 
65.5775 0 49.2848 65.5775 0 49.2848 66.4213 -0.500281 48.7845 64.7337 0.500281 49.7851 66.5481 1.11395 47.9368 64.6069 -1.11395 50.6328 65.5523 0.736036 48.6083 65.6027 -0.736036 49.9613 
65.3021 0 49.1019 65.3021 0 49.1019 64.6859 0.579306 49.6812 65.9184 -0.579306 48.5226 65.9492 1.60773 48.1037 64.655 -1.60773 50.1002 65.9181 -0.580029 48.5688 64.6862 0.580029 49.635 
65.1786 0 48.7662 65.1786 0 48.7662 65.3795 -0.80923 47.957 64.9778 0.80923 49.5754 66.3542 1.10082 49.952 64.0031 -1.10082 47.5803 65.3806 -0.808173 49.3194 64.9766 0.808173 48.213 
64.9023 0 48.5823 64.9023 0 48.5823 64.3089 -0.181731 48.4006 65.4957 0.181731 48.7641 64.8708 1.95323 48.1535 64.9338 -1.95323 49.0112 64.3087 -0.155661 47.7928 65.4959 0.155661 49.3719 
64.7778 0 48.2456 64.7778 0 48.2456 64.7986 0.713006 48.9586 64.757 -0.713006 47.5326 62.8743 -0.400932 47.7812 66.6814 0.400932 48.7101 64.6954 0.68709 47.5237 64.8602 -0.68709 48.9675 
64.5005 0 48.0608 64.5005 0 48.0608 65.0514 -0.381956 47.6788 63.9496 0.381956 48.4427 63.2626 -1.56687 48.1733 65.7383 1.56687 47.9483 63.9415 0.371608 47.3196 65.0595 -0.371608 48.802 
64.375 0 47.7231 64.375 0 47.7231 65.3171 -0.0389564 47.6841 63.433 0.0389564 47.762 63.9848 1.48848 46.4455 64.7653 -1.48848 49.0006 64.956 -0.688793 48.1567 63.7941 0.688793 47.2894 
64.0967 0 47.5373 64.0967 0 47.5373 63.3108 0.203901 47.7412 64.8827 -0.203901 47.3334 64.9497 1.72457 48.0834 63.2437 -1.72457 46.9911 63.4136 0.374626 48.1642 64.7798 -0.374626 46.9103 
63.9703 0 47.1986 63.9703 0 47.1986 64.6926 0.402514 47.6011 63.248 -0.402514 46.7961 62.7666 1.53281 47.6476 65.174 -1.53281 46.7496 64.6714 0.428809 47.7684 63.2692 -0.428809 46.6288 
63.691 0 47.0118 63.691 0 47.0118 64.6126 -0.31272 46.6991 62.7694 0.31272 47.3245 62.9504 -1.77193 47.5701 64.4316 1.77193 46.4535 64.6553 0.263668 47.0355 62.7267 -0.263668 46.9882 
63.5636 0 46.6722 63.5636 0 46.6722 63.894 -0.841586 45.8306 63.2332 0.841586 47.5137 65.2873 0.168914 47.6723 61.8399 -0.168914 45.672 62.6506 0.100063 46.2768 64.4766 -0.100063 47.0675 
63.2833 0 46.4844 63.2833 0 46.4844 62.6208 0.696594 47.181 63.9458 -0.696594 45.7878 64.6232 0.773341 45.2169 61.9434 -0.773341 47.7519 62.6473 0.711082 46.1846 63.9193 -0.711082 46.7841 
63.1549 0 46.1437 63.1549 0 46.1437 63.7568 -0.260269 45.8835 62.5531 0.260269 46.404 62.7977 -1.93065 46.5245 63.5122 1.93065 45.763 63.767 -0.198017 45.3781 62.5429 0.198017 46.9094 
62.8737 0 45.955 62.8737 0 45.955 63.0969 -0.711651 45.2433 62.6505 0.711651 46.6667 64.5349 0.99306 45.4507 61.2125 -0.99306 46.4593 63.2686 -0.589642 45.2505 62.4788 0.589642 46.6595 
62.7443 0 45.6134 62.7443 0 45.6134 61.8754 -0.46543 45.1479 63.6132 0.46543 46.0788 62.3296 1.30254 44.1535 63.1591 -1.30254 47.0733 63.5311 0.616741 45.5892 61.9575 -0.616741 45.6376 
62.4621 0 45.4237 62.4621 0 45.4237 63.2312 0.385201 45.8089 61.6929 -0.385201 45.0385 61.3631 1.61208 44.9838 63.5611 -1.61208 45.8635 63.287 0.294112 44.941 61.6371 -0.294112 45.9063 
62.3317 0 45.081 62.3317 0 45.081 61.7416 0.294683 45.3757 62.9219 -0.294683 44.7864 62.7552 1.90981 44.6648 61.9083 -1.90981 45.4973 62.8516 -0.520862 44.404 61.8119 0.520862 45.7581 
62.0485 0 44.8903 62.0485 0 44.8903 62.1177 0.730864 45.6212 61.9793 -0.730864 44.1595 60.2741 -0.532297 45.6442 63.8229 0.532297 44.1365 62.1226 -0.678687 44.1597 61.9745 0.678687 45.621 
61.9172 0 44.5468 61.9172 0 44.5468 62.7973 0.00150898 44.5483 61.0371 -0.00150898 44.5453 61.1709 -1.2319 45.9344 62.6635 1.2319 43.1591 62.8159 0.0342237 44.9839 61.0185 -0.0342237 44.1096 
61.633 0 44.3551 61.633 0 44.3551 62.3909 -0.358014 43.9971 60.8751 0.358014 44.7131 61.414 -1.78784 45.2244 61.852 1.78784 43.4858 60.9032 0.499128 44.8222 62.3628 -0.499128 43.888 
61.5007 0 44.0105 61.5007 0 44.0105 62.2105 -0.592485 43.418 60.7909 0.592485 44.603 62.201 1.53215 45.0885 60.8004 -1.53215 42.9325 60.969 -0.573833 43.3876 62.0324 0.573833 44.6334 
61.2155 0 43.8179 61.2155 0 43.8179 60.3085 -0.0732243 43.7446 62.1225 0.0732243 43.8911 60.619 1.61387 44.8375 61.812 -1.61387 42.7982 62.1287 0.0560878 44.2216 60.3024 -0.0560878 43.4141 
61.0822 0 43.4723 61.0822 0 43.4723 61.4134 -0.821665 42.6506 60.7511 0.821665 44.294 62.6923 1.00498 44.103 59.4722 -1.00498 42.8416 61.1111 -0.945488 43.7967 61.0534 0.945488 43.1479 
60.7961 0 43.2787 60.7961 0 43.2787 60.31 -0.573255 42.7054 61.2822 0.573255 43.8519 59.2051 1.20551 43.4035 62.387 -1.20551 43.1539 60.8445 0.791183 43.8883 60.7477 -0.791183 42.669 
60.6618 0 42.9321 60.6618 0 42.9321 61.1597 -0.686941 42.2452 60.164 0.686941 43.6191 62.3592 0.520698 42.0115 58.9644 -0.520698 43.8528 60.9466 -0.728858 43.5548 60.3771 0.728858 42.3095 
60.3747 0 42.7375 60.3747 0 42.7375 59.7883 0.211261 42.9488 60.9611 -0.211261 42.5263 60.7811 1.94577 42.5166 59.9683 -1.94577 42.9584 59.7817 0.177644 43.5229 60.9677 -0.177644 41.9522 
60.2394 0 42.39 60.2394 0 42.39 60.0466 0.698404 43.0884 60.4323 -0.698404 41.6916 58.4711 -0.856555 42.7633 62.0078 0.856555 42.0168 59.8687 0.595259 43.1029 60.6102 -0.595259 41.6771 
59.9513 0 42.1944 59.9513 0 42.1944 60.7602 0.561754 42.7562 59.1425 -0.561754 41.6327 60.854 -0.807673 43.7859 59.0486 0.807673 40.6029 59.8266 -0.660236 42.935 60.0761 0.660236 41.4538 
59.8151 0 41.8459 59.8151 0 41.8459 59.5252 -0.689581 41.1563 60.105 0.689581 42.5355 61.5701 0.170467 42.7897 58.0601 -0.170467 40.9021 60.132 0.691884 41.1972 59.4982 -0.691884 42.4947 
59.526 0 41.6493 59.526 0 41.6493 59.0595 0.421967 42.0713 59.9925 -0.421967 41.2274 61.1304 1.14412 41.3076 57.9216 -1.14412 41.9911 59.9055 -0.479796 42.4404 59.1465 0.479796 40.8583 
59.3888 0 41.2999 59.3888 0 41.2999 59.4445 0.805179 42.1051 59.3331 -0.805179 40.4947 57.764 0.760663 42.1839 61.0136 -0.760663 40.4159 59.8936 -0.851816 41.44 58.884 0.851816 41.1598 
59.0987 0 41.1023 59.0987 0 41.1023 59.5009 0.664218 41.7665 58.6966 -0.664218 40.4381 60.4591 -1.35489 41.6623 57.7383 1.35489 40.5424 58.719 -0.685944 40.4816 59.4785 0.685944 41.723 
58.9605 0 40.7519 58.9605 0 40.7519 59.2728 -0.885382 39.8665 58.6483 0.885382 41.6373 60.2946 -0.107459 39.2657 57.6264 0.107459 42.238 59.3723 -0.88303 40.9771 58.5488 0.88303 40.5267 
58.6695 0 40.5533 58.6695 0 40.5533 58.149 0.398099 40.9514 59.19 -0.398099 40.1552 57.7984 -1.76942 40.8856 59.5405 1.76942 40.221 58.0626 0.183566 41.3267 59.2763 -0.183566 39.78 
58.5303 0 40.2019 58.5303 0 40.2019 58.6531 0.810445 41.0123 58.4075 -0.810445 39.3915 60.4053 0.189188 39.5322 56.6553 -0.189188 40.8717 58.4656 0.775815 40.8295 58.595 -0.775815 39.5743 
58.2383 0 40.0024 58.2383 0 40.0024 58.2764 -0.677544 39.3248 58.2002 0.677544 40.6799 56.2397 -0.0555207 39.9499 60.2368 0.0555207 40.0549 57.4887 0.447413 40.4902 58.9879 -0.447413 39.5146 
58.0981 0 39.65 58.0981 0 39.65 58.6621 -0.34608 39.3039 57.5342 0.34608 39.9961 56.4721 -0.783932 40.5111 59.7242 0.783932 38.7889 58.2544 -0.481678 40.5123 57.9419 0.481678 38.7877 
57.8051 0 39.4495 57.8051 0 39.4495 57.1479 -0.241868 39.2076 58.4624 0.241868 39.6913 58.7278 -1.75607 39.704 56.8824 1.75607 39.1949 57.1847 -0.307589 40.1709 58.4256 0.307589 38.7281 
57.664 0 39.0961 57.664 0 39.0961 58.0822 -0.684123 38.412 57.2458 0.684123 39.7802 56.5635 -1.42841 39.9613 58.7645 1.42841 38.2309 57.6158 0.963649 39.3589 57.7122 -0.963649 38.8333 
57.37 0 38.8946 57.37 0 38.8946 56.6063 -0.226601 38.668 58.1337 0.226601 39.1212 57.0939 -1.71478 39.8862 57.6461 1.71478 37.903 56.5941 -0.392782 38.401 58.1459 0.392782 39.3883 
57.2279 0 38.5402 57.2279 0 38.5402 57.7778 0.536713 39.077 56.678 -0.536713 38.0035 58.5662 -1.48327 38.4462 55.8896 1.48327 38.6342 57.6097 0.69244 37.9281 56.8461 -0.69244 39.1524 
56.9329 0 38.3378 56.9329 0 38.3378 56.1 -0.29548 38.0423 57.7659 0.29548 38.6333 57.8111 -1.73498 38.8054 56.0548 1.73498 37.8701 57.8627 0.00150625 37.9696 56.0031 -0.00150625 38.7059 
56.7898 0 37.9824 56.7898 0 37.9824 56.8608 -0.745068 37.2374 56.7189 0.745068 38.7275 54.9652 -0.634577 38.5002 58.6145 0.634577 37.4647 56.4608 -0.811793 37.5 57.1189 0.811793 38.4648 
56.4939 0 37.779 56.4939 0 37.779 57.1057 0.428297 38.2073 55.882 -0.428297 37.3507 54.9344 0.370386 36.5828 58.0533 -0.370386 38.9752 55.8278 -0.413934 38.3995 57.16 0.413934 37.1585 
56.3498 0 37.4227 56.3498 0 37.4227 55.9404 -0.356132 37.0665 56.7592 0.356132 37.7788 54.6457 0.956894 36.9979 58.0539 -0.956894 37.8475 55.8255 -0.285814 38.2248 56.8742 0.285814 36.6206 
56.0529 0 37.2182 56.0529 0 37.2182 56.6566 -0.705254 36.513 55.4492 0.705254 37.9235 56.7171 1.29276 35.8444 55.3886 -1.29276 38.5921 55.9606 0.93914 36.8873 56.1451 -0.93914 37.5492 
55.9078 0 36.8609 55.9078 0 36.8609 55.8953 -0.936572 35.9244 55.9204 0.936572 37.7975 57.8896 0.0706451 36.6011 53.9261 -0.0706451 37.1208 55.9414 -0.933912 36.505 55.8742 0.933912 37.2169 
55.6099 0 36.6555 55.6099 0 36.6555 55.0852 -0.644914 36.0106 56.1346 0.644914 37.3005 57.2794 -1.0357 36.2811 53.9405 1.0357 37.03 55.0311 -0.609253 36.1135 56.1887 0.609253 37.1976 
55.4639 0 36.2973 55.4639 0 36.2973 54.72 0.621064 36.9183 56.2078 -0.621064 35.6762 56.7776 1.22359 35.4158 54.1502 -1.22359 37.1787 55.6621 0.840047 35.7922 55.2657 -0.840047 36.8023 
55.165 0 36.0909 55.165 0 36.0909 55.4448 -0.798719 35.2922 54.8852 0.798719 36.8896 56.6749 1.05165 35.3071 53.6551 -1.05165 36.8746 55.4161 -0.818038 35.5734 54.9139 0.818038 36.6084 
55.018 0 35.7316 55.018 0 35.7316 54.5778 0.468471 36.2001 55.4582 -0.468471 35.2631 53.4625 -1.25055 35.6026 56.5735 1.25055 35.8607 55.445 -0.478967 34.9646 54.591 0.478967 36.4986 
54.7181 0 35.5242 54.7181 0 35.5242 55.4769 0.42973 35.954 53.9594 -0.42973 35.0945 55.9865 -1.31804 34.7155 53.4498 1.31804 36.333 54.0127 -0.481204 35.0038 55.4235 0.481204 36.0446 
54.5701 0 35.164 54.5701 0 35.164 54.178 0.721173 35.8852 54.9623 -0.721173 34.4428 56.1824 -0.0592286 33.982 52.9579 0.0592286 36.346 54.6386 0.60758 34.3727 54.5017 -0.60758 35.9553 
54.2693 0 34.9557 54.2693 0 34.9557 54.8618 -0.248327 34.7073 53.6767 0.248327 35.204 54.7477 1.92526 34.7017 53.7909 -1.92526 35.2096 54.8662 -0.230238 34.1871 53.6724 0.230238 35.7242 
54.1203 0 34.5944 54.1203 0 34.5944 54.2296 -0.741405 33.853 54.011 0.741405 35.3358 52.3105 -0.699634 35.0791 55.9302 0.699634 34.1097 54.3953 -0.663791 33.8989 53.8453 0.663791 35.29 
53.8185 0 34.3851 53.8185 0 34.3851 52.8874 -0.293036 34.0921 54.7495 0.293036 34.6781 54.1577 -1.75027 35.2915 53.4793 1.75027 33.4787 53.0713 0.456833 33.9024 54.5657 -0.456833 34.8678 
53.6685 0 34.0229 53.6685 0 34.0229 54.4389 0.470063 34.493 52.8982 -0.470063 33.5528 53.6875 -1.36801 32.5641 53.6496 1.36801 35.4817 52.932 -0.643651 34.2309 54.4051 0.643651 33.815 
53.3657 0 33.8126 53.3657 0 33.8126 53.3052 -0.572644 33.24 53.4263 0.572644 34.3852 51.3796 0.234882 33.7952 55.3518 -0.234882 33.83 53.1599 0.583253 34.5984 53.5715 -0.583253 33.0268 
53.2148 0 33.4494 53.2148 0 33.4494 52.3442 0.0842038 33.5336 54.0854 -0.0842038 33.3652 53.2666 -1.95208 33.0173 53.163 1.95208 33.8815 54.0642 0.105069 33.9667 52.3654 -0.105069 32.9322 
52.911 0 33.2381 52.911 0 33.2381 52.9818 -0.822897 32.4152 52.8402 0.822897 34.061 51.1517 -0.635992 32.5309 54.6703 0.635992 33.9454 52.5974 -0.87973 33.5956 53.2246 0.87973 32.8807 
52.7591 0 32.874 52.7591 0 32.874 52.1209 -0.432721 32.4412 53.3973 0.432721 33.3067 54.0668 -1.48264 32.571 51.4514 1.48264 33.1769 53.1428 0.655081 33.5248 52.3754 -0.655081 32.2231 
52.4543 0 32.6617 52.4543 0 32.6617 51.5452 -0.129878 32.5318 53.3634 0.129878 32.7916 52.3545 1.95453 32.2496 52.5541 -1.95453 33.0738 52.9977 0.834092 32.7566 51.9109 -0.834092 32.5668 
52.3014 0 32.2966 52.3014 0 32.2966 52.3489 0.68836 32.9849 52.2539 -0.68836 31.6082 54.0441 0.651572 31.5626 50.5588 -0.651572 33.0306 52.705 0.762117 32.8028 51.8978 -0.762117 31.7903 
51.9957 0 32.0833 51.9957 0 32.0833 52.6532 0.568272 32.6516 51.3382 -0.568272 31.515 53.4927 -0.8354 33.1133 50.4986 0.8354 31.0533 51.8994 -0.705241 32.7857 52.092 0.705241 31.3809 
51.8418 0 31.7172 51.8418 0 31.7172 52.0282 -0.666225 31.051 51.6554 0.666225 32.3834 53.6926 0.7318 31.9147 49.991 -0.7318 31.5197 51.6709 0.672249 30.9969 52.0127 -0.672249 32.4375 
51.5351 0 31.503 51.5351 0 31.503 51.2257 0.807293 32.3103 51.8444 -0.807293 30.6957 53.3534 0.812093 31.6883 49.7168 -0.812093 31.3177 51.4424 0.878871 31.035 51.6278 -0.878871 31.9709 
51.3802 0 31.1359 51.3802 0 31.1359 51.6224 0.625971 31.7618 51.1381 -0.625971 30.5099 49.4603 0.531029 31.3145 53.3002 -0.531029 30.9572 51.285 -0.658733 30.3895 51.4755 0.658733 31.8822 
51.0725 0 30.9207 51.0725 0 30.9207 51.8961 0.565544 31.4862 50.2489 -0.565544 30.3551 52.1547 -1.52192 31.6367 49.9904 1.52192 30.2046 51.1764 -0.935461 31.2585 50.9687 0.935461 30.5828 
50.9167 0 30.5526 50.9167 0 30.5526 50.492 -0.803103 29.7495 51.3414 0.803103 31.3557 52.6584 -0.472707 31.4145 49.175 0.472707 29.6907 51.2599 0.821384 30.097 50.5735 -0.821384 31.0082 
50.608 0 30.3364 50.608 0 30.3364 50.048 0.268004 30.6044 51.168 -0.268004 30.0684 51.7281 1.63948 30.0968 49.4879 -1.63948 30.576 51.1562 -0.285059 31.1227 50.0598 0.285059 29.5501 
50.4512 0 29.9673 50.4512 0 29.9673 50.1767 0.69726 30.6646 50.7257 -0.69726 29.2701 48.5919 -0.0329395 30.7035 52.3105 0.0329395 29.2311 51.1777 -0.581948 30.3327 49.7247 0.581948 29.6019 
50.1415 0 29.7502 50.1415 0 29.7502 50.2824 0.797591 30.5478 50.0007 -0.797591 28.9526 51.8532 -0.79186 30.4159 48.4299 0.79186 29.0844 49.3943 -0.207294 29.1187 50.8887 0.207294 30.3816 
49.9837 0 29.3801 49.9837 0 29.3801 50.5393 -0.75445 28.6257 49.4281 0.75445 30.1346 50.6537 1.17555 30.853 49.3138 -1.17555 27.9073 49.4537 0.794831 29.0846 50.5138 -0.794831 29.6756 
49.6731 0 29.162 49.6731 0 29.162 49.1528 -0.246607 28.9154 50.1933 0.246607 29.4086 49.0696 1.89746 28.9737 50.2766 -1.89746 29.3503 50.1991 0.228122 29.9813 49.1471 -0.228122 28.3427 
49.5143 0 28.791 49.5143 0 28.791 49.2218 0.665362 29.4563 49.8068 -0.665362 28.1256 48.0036 -1.2024 28.2695 51.025 1.2024 29.3124 49.8986 -0.585336 29.5049 49.1301 0.585336 28.077 
49.2027 0 28.5718 49.2027 0 28.5718 49.8279 -0.165207 28.4066 48.5775 0.165207 28.737 48.5895 -1.9015 28.6626 49.8159 1.9015 28.481 49.8276 -0.166301 29.3346 48.5778 0.166301 27.809 
49.0429 0 28.1998 49.0429 0 28.1998 49.5352 -0.5623 27.6375 48.5507 0.5623 28.7621 50.7795 0.741695 27.5409 47.3064 -0.741695 28.8588 49.9083 -0.295632 28.6045 48.1776 0.295632 27.7952 
48.7303 0 27.9797 48.7303 0 27.9797 48.8206 -0.863182 27.1165 48.6401 0.863182 28.8429 46.7995 0.0933794 27.4667 50.6611 -0.0933794 28.4928 47.7864 -0.0724369 27.6577 49.6743 0.0724369 28.3017 
48.5696 0 27.6067 48.5696 0 27.6067 47.8954 0.686129 28.2929 49.2438 -0.686129 26.9206 47.3318 -0.64562 29.0389 49.8074 0.64562 26.1746 49.3525 -0.609107 27.7337 47.7867 0.609107 27.4798 
48.256 0 27.3857 48.256 0 27.3857 48.9056 -0.225251 27.1604 47.6064 0.225251 27.6109 48.5155 1.94787 27.0136 47.9965 -1.94787 27.7577 47.5949 0.0940171 28.13 48.9171 -0.0940171 26.6413 
48.0943 0 27.0117 48.0943 0 27.0117 48.4597 -0.653678 26.358 47.7289 0.653678 27.6654 46.5268 -1.20037 27.3314 49.6618 1.20037 26.692 47.5174 0.451719 27.6923 48.6712 -0.451719 26.3311 
47.7797 0 26.7896 47.7797 0 26.7896 48.5165 0.0910719 26.8807 47.0429 -0.0910719 26.6986 47.0236 -1.53194 27.8295 48.5359 1.53194 25.7497 47.8998 -0.570712 27.602 47.6597 0.570712 25.9773 
47.617 0 26.4147 47.617 0 26.4147 47.3484 -0.491315 25.9234 47.8857 0.491315 26.906 49.5302 -0.473958 26.7541 45.7039 0.473958 26.0753 47.7053 -0.543427 27.2495 47.5288 0.543427 25.5799 
47.3015 0 26.1916 47.3015 0 26.1916 47.3178 0.76027 26.9519 47.2851 -0.76027 25.4314 49.2967 -0.111736 26.1111 45.3062 0.111736 26.2722 47.1495 -0.745586 26.8405 47.4535 0.745586 25.5428 
47.1378 0 25.8157 47.1378 0 25.8157 47.0599 0.738499 26.5542 47.2158 -0.738499 25.0772 49.1277 0.200227 25.8265 45.1479 -0.200227 25.805 46.9426 0.721449 26.4801 47.333 -0.721449 25.1513 
46.8213 0 25.5917 46.8213 0 25.5917 47.7752 -0.118466 25.4732 45.8673 0.118466 25.7102 47.2996 1.70982 24.671 46.343 -1.70982 26.5124 45.8386 -0.128133 25.4576 47.8039 0.128133 25.7258 
46.6566 0 25.2148 46.6566 0 25.2148 47.2074 -0.515804 24.699 46.1059 0.515804 25.7306 48.2533 1.10989 25.6825 45.06 -1.10989 24.7471 47.3481 -0.401937 24.6145 45.9652 0.401937 25.8151 
46.3391 0 24.9898 46.3391 0 24.9898 45.5991 -0.58546 24.4043 47.0791 0.58546 25.5753 45.4228 1.59834 24.2116 47.2554 -1.59834 25.768 45.8942 -0.888281 24.8757 46.784 0.888281 25.1039 
46.1735 0 24.6119 46.1735 0 24.6119 46.4265 0.784793 25.3967 45.9205 -0.784793 23.8271 44.2447 0.502114 24.4459 48.1023 -0.502114 24.778 46.4176 0.787065 24.0454 45.9294 -0.787065 25.1784 
45.855 0 24.3859 45.855 0 24.3859 46.5909 -0.0330111 24.3529 45.1191 0.0330111 24.4189 45.6232 -1.98043 24.5415 46.0868 1.98043 24.2304 45.1189 -0.271339 23.7658 46.5911 0.271339 25.006 
45.6884 0 24.0071 45.6884 0 24.0071 46.5994 -0.252442 23.7546 44.7774 0.252442 24.2595 46.5094 1.26181 22.6903 44.8674 -1.26181 25.3238 44.9144 -0.45186 24.4506 46.4624 0.45186 23.5635 
45.3689 0 23.7801 45.3689 0 23.7801 44.7247 0.591305 24.3714 46.0132 -0.591305 23.1888 44.8955 -1.51451 24.9975 45.8423 1.51451 22.5627 44.7742 0.711344 24.1547 45.9636 -0.711344 23.4055 
45.2013 0 23.4003 45.2013 0 23.4003 45.0095 -0.976202 22.4241 45.3931 0.976202 24.3765 43.9719 0.0782178 21.8247 46.4307 -0.0782178 24.9758 45.5495 0.930748 23.5119 44.8532 -0.930748 23.2886 
44.8809 0 23.1723 44.8809 0 23.1723 44.2207 -0.0767011 23.0956 45.541 0.0767011 23.249 44.726 -1.96503 23.5109 45.0358 1.96503 22.8337 45.5398 0.0614084 23.9221 44.222 -0.0614084 22.4226 
44.7123 0 22.7915 44.7123 0 22.7915 44.7063 0.7001 23.4916 44.7183 -0.7001 22.0914 46.6876 0.231933 23.0023 42.737 -0.231933 22.5807 44.8543 -0.677445 23.5132 44.5703 0.677445 22.0698 
